# Created by Octave 5.2.0, Sat Mar 13 02:05:33 2021 -03 <kuroneko@kuroneko-VirtualBox>
# name: Gf
# type: scalar
195.4588965182117


# name: a
# type: scalar
-2


# name: b
# type: scalar
2


# name: w
# type: matrix
# rows: 1
# columns: 3
 1.1111125921673883 1.777774815675905 1.1111125921567095


# name: t
# type: matrix
# rows: 1
# columns: 3
 -1.5491915309542408 5.0598022333029914e-12 1.5491915309611519


# name: N
# type: scalar
3


