# Created by Octave 5.2.0, Sat Mar 13 00:10:10 2021 -03 <kuroneko@kuroneko-VirtualBox>
# name: w
# type: matrix
# rows: 7
# columns: 1
 0.14285714285714285
 0.2857142857142857
 0.42857142857142855
 0.5714285714285714
 0.42857142857142855
 0.2857142857142857
 0.14285714285714285


# name: t
# type: matrix
# rows: 7
# columns: 1
 -0.9285714285714286
 -0.7142857142857143
 -0.35714285714285721
 0
 0.35714285714285721
 0.7142857142857143
 0.9285714285714286


# name: g
# type: matrix
# rows: 14
# columns: 1
 2.0000000000000013
 6.2016364266170854e-17
 0.66666599999999965
 6.2016364266170854e-17
 0.39999866666759992
 4.6837533851373792e-17
 0.28571228571895241
 4.9873299934333204e-17
 0.22221955556862236
 3.1658703436576729e-17
 0.18181484851284846
 2.1684043449710089e-17
 0.15384215389748651
 7.8062556418956319e-18


# name: a
# type: scalar
-1


# name: b
# type: scalar
1


# name: N
# type: scalar
7


# name: tol
# type: scalar
9.9999999999999995e-08


# name: E
# type: scalar
9.9999999999999995e-08


