# Created by Octave 5.2.0, Fri Mar 12 23:59:29 2021 -03 <caio@xubuntu>
# name: w
# type: matrix
# rows: 6
# columns: 1
 0.16666666666666666
 0.33333333333333331
 0.5
 0.5
 0.33333333333333331
 0.16666666666666666


# name: t
# type: matrix
# rows: 6
# columns: 1
 -0.91666666666666663
 -0.66666666666666674
 -0.25
 0.25
 0.66666666666666674
 0.91666666666666663


# name: g
# type: matrix
# rows: 12
# columns: 1
 2.0000000000000013
 6.2016364266170854e-17
 0.66666599999999965
 6.2016364266170854e-17
 0.39999866666759992
 4.6837533851373792e-17
 0.28571228571895241
 4.9873299934333204e-17
 0.22221955556862236
 3.1658703436576729e-17
 0.18181484851284846
 2.1684043449710089e-17


# name: a
# type: scalar
-1


# name: b
# type: scalar
1


# name: N
# type: scalar
6


# name: tol
# type: scalar
9.9999999999999995e-08


# name: E
# type: scalar
9.9999999999999995e-08


