# Created by Octave 5.2.0, Sat Mar 13 01:39:03 2021 -03 <kuroneko@kuroneko-VirtualBox>
# name: w
# type: matrix
# rows: 7
# columns: 1
 0.42857142857142855
 0.8571428571428571
 1.2857142857142858
 1.7142857142857142
 1.2857142857142858
 0.8571428571428571
 0.42857142857142855


# name: t
# type: matrix
# rows: 7
# columns: 1
 -2.7857142857142856
 -2.1428571428571428
 -1.0714285714285712
 0
 1.0714285714285712
 2.1428571428571428
 2.7857142857142856


# name: g
# type: matrix
# rows: 14
# columns: 1
 6.0000000000000053
 -1.3530843112619095e-16
 17.999982000000006
 -9.7144514654701197e-16
 97.199676000226788
 1.1546319456101628e-14
 624.85276886734835
 2.007283228522283e-13
 4373.9475122571966
 1.1368683772161603e-12
 32207.954969505558
 1.659827830735594e-11
 245274.08432830271
 1.9281287677586079e-10


# name: a
# type: scalar
-3


# name: b
# type: scalar
3


# name: N
# type: scalar
7


# name: tol
# type: scalar
9.9999999999999995e-08


# name: E
# type: scalar
9.9999999999999995e-08


