# Created by Octave 5.2.0, Sat Mar 13 00:10:11 2021 -03 <kuroneko@kuroneko-VirtualBox>
# name: F
# type: matrix
# rows: 14
# columns: 1
 0
 -4.8658780997523632e-12
 -4.970717626395782e-08
 9.7528326126888887e-11
 2.7855392692455183e-07
 1.4607391164711547e-10
 5.3330012844687857e-07
 1.5811026663273275e-10
 6.1509896800981956e-07
 1.4746169172893953e-10
 5.6353943095333037e-07
 1.2558547864832681e-10
 4.4584947861414648e-07
 1.0232604260446143e-10


# name: J
# type: matrix
# rows: 14
# columns: 14
 0.99999999836342113 0.99999999836342113 0.99999999836342113 0.99999999836342113 0.99999999836342113 0.99999999836342113 0.99999999836342113 0 0 0 0 0 0 0
 -0.94910170167494812 -0.74152520679326983 -0.405843200157463 5.5511151231257827e-10 0.40584320126768603 0.74152520734838134 0.94910170125861448 0.12949350591817677 0.27969966120977574 0.38182829675825758 0.41795707117486813 0.38182829675825758 0.27969966009955272 0.12949350605695464
 0.90079403936016433 0.54985963338083366 0.16470870334295284 0 0.16470870445317587 0.54985963338083366 0.90079403936016433 -0.24580500079807166 -0.41480866963539142 -0.30992479693736641 4.3298697960381105e-08 0.30992487465297813 0.41480872625676568 0.24580502633320123
 -0.85494515522643866 -0.40773477760769339 -0.066845907142898398 0 0.06684590769800991 0.40773477857913853 0.85494515522643866 0.3499408979257268 0.46138659726135955 0.18867128359634222 0 0.18867137824285507 0.46138672007978165 0.34994097217189157
 0.81142990104865476 0.30234561465558585 0.027128956858746278 0 0.027128956858746278 0.30234561632092039 0.81142990160376627 -0.44283931244226693 -0.4561730249097451 -0.10209459777588137 0 0.10209467382615856 0.45617320809654416 0.44283945288547955
 -0.77012949989407886 -0.22419689466035564 -0.011010102551889389 0 0.011010102829445145 0.22419689577057866 0.77012949989407886 0.52537440342614872 0.42282971735030372 0.051792991284660417 0 0.051793043187586818 0.42282994480724589 0.52537462519319789
 0.73093121888412327 0.16624764898054423 0.0044683756694752219 0 0.0044683756694752219 0.16624765009076725 0.73093121888412327 -0.59836045673833382 -0.37624664717128553 -0.025223796384921116 0 0.02522382858138883 0.37624690030213515 0.59836077259678433
 -0.69372806277279153 -0.12327682180623967 -0.0018134596602159547 0 0.0018134596602159547 0.12327682291646269 0.69372806291156941 0.66255571362638932 0.32549574618956356 0.011943056266172647 0 0.011943074029741041 0.32549600958997615 0.66255613287435899
 0.65841848473358056 0.091412871161544729 0.00073598016570031177 0 0.00073598016570031177 0.091412871716656241 0.65841848501113631 -0.71866596784708747 -0.27584375283939977 -0.005539437242241263 0 0.0055394466791369723 0.27584401429692207 0.71866649853369324
 -0.62490610380772083 -0.067784947932469919 -0.0002986925984327371 0 0.00029869273721061518 0.067784948626359309 0.62490610408527658 0.76734793907906607 0.23011321764743187 0.0025291603533705853 0 0.0025291656269299523 0.23011346647616726 0.76734858620031154
 0.59309944622221167 0.050264247486442315 0.00012122247650125928 0 0.00012122247650125928 0.050264248319109583 0.59309944649976742 -0.80921243983400615 -0.18959415537533886 -0.0011404915900570245 0 0.0011404943656145861 0.18959438630172798 0.80921320783078343
 -0.56291169364675042 -0.037272206571126176 -4.9197312890214562e-05 0 4.9197312890214562e-05 0.037272206987459811 0.56291169364675042 0.84482734905022561 0.15464771921380738 0.00050914675253643793 0 0.00050914800153734063 0.1546479286296254 0.84482824000420287
 0.53426044588356092 0.027638280553077266 1.9966250874858815e-05 0 1.9966250874858815e-05 0.027638281108188778 0.53426044616111668 -0.87472039833613735 -0.1251001902069504 -0.00022541857269686716 0 0.00022541912780837947 0.12510037644686278 0.87472141307998186
 -0.50706749826767705 -0.020494481806077047 -8.1031015231047832e-06 0 8.1032403009828613e-06 0.020494482083632803 0.50706749840645493 0.89938178918225198 0.10049534940326232 9.9108360407385021e-05 0 9.9108499185263099e-05 0.1004955128836027 0.89938292716085222


# name: s
# type: matrix
# rows: 14
# columns: 1
 -1.4103283275716319e-06
 3.8320182870206353e-06
 -1.5979261753904716e-06
 -1.649448812359926e-06
 -1.5975158244442683e-06
 3.8336182849685956e-06
 -1.4104174322229334e-06
 -5.4219623401856323e-07
 3.9293642722602564e-07
 1.6742539102054695e-06
 -9.3312936054097106e-10
 -1.6759336567220986e-06
 -3.9376270702549291e-07
 5.42188130997131e-07


# name: w
# type: matrix
# rows: 1
# columns: 7
 0.12949350610269375 0.27969966204896968 0.38182829708436117 0.41795707145400929 0.38182829666866569 0.27969966044653893 0.12949350619476271


# name: t
# type: matrix
# rows: 1
# columns: 7
 -0.94910170125576787 -0.74152520659547716 -0.40584319965444865 9.3555416763387788e-10 0.40584320133641921 0.74152520742019346 0.94910170126181459


# name: erro
# type: scalar
3.8336182849685956e-06


# name: tol
# type: scalar
9.9999999999999995e-08


# name: E
# type: scalar
9.9999999999999995e-08


# name: N
# type: scalar
7


