# Created by Octave 5.2.0, Sat Mar 13 00:09:43 2021 -03 <kuroneko@kuroneko-VirtualBox>
# name: F
# type: matrix
# rows: 8
# columns: 1
 0
 2.7461026941982825e-11
 -0.00034245373826580217
 7.560479569224815e-09
 -0.00064182922454442126
 8.2109727714968495e-09
 -0.00063253133866103539
 4.6812135751951589e-09


# name: J
# type: matrix
# rows: 8
# columns: 8
 0.99999999836342113 0.99999999836342113 0.99999999836342113 0.99999999836342113 0 0 0 0
 -0.86098210561047495 -0.34040150587166806 0.34040145480140893 0.86098209561846772 0.34742993704206526 0.6525700402271184 0.65257004355778747 0.34742997867542869
 0.74129018701185601 0.11587318660133406 0.11587315107419727 0.74129016924828761 -0.59826188225642341 -0.44427158174542569 0.44427165057925322 0.59826201770363241
 -0.63823758389425223 -0.039443406596451069 0.039443389110438432 0.63823756307757051 0.77263911796299212 0.22684604056300017 0.22684610745393741 0.772639371926509
 0.54951113825918441 0.01342659483594133 0.013426586509268645 0.54951111438938938 -0.88697122091474512 -0.10295829688811153 0.10295834185214403 0.88697160505191164
 -0.47311925682747002 -0.0045704329210138894 0.0045704298679005717 0.47311923073722895 0.95458288051908369 0.043808942584711019 0.043808968119840586 0.95458339482989985
 0.40734721373780758 0.0015557821697598229 0.0015557810595367982 0.40734718653734348 -0.98625447642053388 -0.017895153692215615 0.017895166459780398 0.98625511146810396
 -0.35071866161251464 -0.00052959067686764172 0.00052959012175612941 0.35071863455082841 0.99067197320557021 0.0071067922380319004 0.0071067984830364139 0.99067271538966217


# name: s
# type: matrix
# rows: 8
# columns: 1
 0.00042699866224891152
 -0.00042697675981935796
 -0.00042697978675951823
 0.00042695788432996467
 -0.0001526324905692142
 0.00042123054521090933
 -0.00042118016679549447
 0.0001526417414586261


# name: w
# type: matrix
# rows: 1
# columns: 4
 0.34742993751757884 0.65257004057036105 0.65257004327187262 0.34742997864018876


# name: t
# type: matrix
# rows: 1
# columns: 4
 -0.86098210501414518 -0.34040150570055477 0.34040145512014108 0.8609820955425791


# name: erro
# type: scalar
0.00042699866224891152


# name: tol
# type: scalar
9.9999999999999995e-08


# name: E
# type: scalar
9.9999999999999995e-08


# name: N
# type: scalar
4


