# Created by Octave 5.2.0, Sat Mar 13 00:10:11 2021 -03 <kuroneko@kuroneko-VirtualBox>
# name: F
# type: matrix
# rows: 14
# columns: 1
 0.28571428571428426
 -8.9771939881799767e-17
 -0.019435679300291109
 -4.8138576458356397e-17
 -0.024887106008350757
 -3.2959746043559335e-17
 -0.024884830443393013
 -4.9873299934333204e-17
 -0.025346162534636563
 -3.1658703436576729e-17
 -0.025859547527187027
 -2.1684043449710089e-17
 -0.026346391455602663
 -7.8062556418956319e-18


# name: J
# type: matrix
# rows: 14
# columns: 14
 0.99999999836342113 0.99999999836342113 0.99999999836342113 0.99999999836342113 0.99999999836342113 0.99999999836342113 1.0000000028043132 0 0 0 0 0 0 0
 -0.92857142752755806 -0.71428571390974582 -0.3571428563997614 0 0.3571428563997614 0.71428571418730158 0.92857142836022533 0.14285714278194916 0.28571428556389833 0.42857142834584749 0.57142857112779666 0.42857142834584749 0.28571428556389833 0.14285714278194916
 0.86224489770359014 0.51020408120550087 0.12755101863604068 0 0.12755101863604068 0.51020408120550087 0.86224489770359014 -0.26530610819364142 -0.40816323654269127 -0.30612240742300401 5.5511151231257827e-08 0.30612249179995388 0.4081632920538425 0.26530613594921704
 -0.80065597679590539 -0.36443148720977092 -0.045553935901221365 0 0.045553935623665609 0.36443148693221517 0.80065597665712751 0.36953348769852568 0.43731772259025803 0.1639941232811637 0 0.16399421487456323 0.43731784526990225 0.36953356735702769
 0.7434662641081502 0.26030820499123308 0.016269262603785251 0 0.016269262603785251 0.26030820499123308 0.7434662641081502 -0.45751762711709887 -0.41649304005630938 -0.078092428634768396 0 0.078092494693038361 0.41649321491643576 0.45751777422164963
 -0.69036153099721886 -0.18593443229519835 -0.0058104510092249484 0 0.0058104510092249484 0.18593443201764259 0.69036153085844099 0.53104721675634181 0.37186875967432087 0.034862686626446759 0 0.034862725484252621 0.37186896811869374 0.53104744560106276
 0.6410499930886715 0.13281030886158618 0.0020751611540248405 0 0.0020751611540248405 0.13281030830647467 0.6410499930886715 -0.59173829503045283 -0.31874462846914753 -0.01494114942879321 0 0.014941170523030678 0.31874485217908699 0.59173861421957241
 -0.59526070780857587 -0.094864506111624891 -0.00074112896375488901 0 0.00074112896375488901 0.094864506250402769 0.59526070780857587 0.64104978547696589 0.26562050559064687 0.0062254780497372764 0 0.0062254884580781322 0.26562072874547482 0.64105019972893196
 0.55274208599076502 0.067760361766033839 0.00026468910396815204 0 0.00026468910396815204 0.067760361488478082 0.55274208571320926 -0.68029769484390101 -0.2168330504037641 -0.0025410110127133123 0 0.0025410160087169231 0.21683326328902908 0.68029820804449415
 -0.5132605082613928 -0.048400258245706596 -9.453174354412397e-05 0 9.453174354412397e-05 0.048400258245706596 0.5132605082613928 0.71066808937647608 0.17424083204042873 0.0010209418033202411 0 0.0010209441625441684 0.17424102716212531 0.71066870194202991
 0.47659904328645197 0.034571613072298391 3.3761327067338698e-05 0 3.3761327067338698e-05 0.034571613072298391 0.47659904328645197 -0.73322894172944686 -0.13828636485913037 -0.00040513564725230822 0 0.00040513675747533284 0.13828653916414524 0.73322965227218262
 -0.44255625455957848 -0.024694009337355993 -1.2057715936819591e-05 0 1.2057715936819591e-05 0.024694009337355993 0.44255625455957848 0.748940950090482 0.10865356489531131 0.00015916032380935974 0 0.00015916087892087205 0.10865371699586568 0.74894175680628727
 0.41094509350969588 0.017638578098111424 4.3062775567648259e-06 0 4.3062775567648259e-06 0.017638578098111424 0.41094509350969588 -0.75866741527930159 -0.084665109645332137 -6.201067437316965e-05 0 6.201067437316965e-05 0.084665240096537531 0.75866831400484003
 -0.3815918725447176 -0.012598984286404935 -1.5379364448619981e-06 0 1.5379364448619981e-06 0.012598984286404935 0.3815918725447176 0.76318325152591182 0.065514663555310548 2.3992197117905789e-05 0 2.3992197117905789e-05 0.065514773536778925 0.76318423782029132


# name: s
# type: matrix
# rows: 14
# columns: 1
 -0.022036371232394641
 -0.0023243687523204636
 -0.059490253867672885
 -0.1180127798548633
 -0.059489953202022466
 -0.0023243216829756949
 -0.022036237491768241
 -0.025450956900855099
 -0.034938112763627439
 -0.053833956178158705
 -1.5475412443252939e-07
 0.053833681428567884
 0.034937952190923771
 0.025450865119571689


# name: w
# type: matrix
# rows: 7
# columns: 1
 0.14285714285714285
 0.2857142857142857
 0.42857142857142855
 0.5714285714285714
 0.42857142857142855
 0.2857142857142857
 0.14285714285714285


# name: t
# type: matrix
# rows: 7
# columns: 1
 -0.9285714285714286
 -0.7142857142857143
 -0.35714285714285721
 0
 0.35714285714285721
 0.7142857142857143
 0.9285714285714286


# name: erro
# type: scalar
0.1180127798548633


# name: tol
# type: scalar
9.9999999999999995e-08


# name: E
# type: scalar
9.9999999999999995e-08


# name: N
# type: scalar
7


