# Created by Octave 5.2.0, Sat Mar 13 02:06:57 2021 -03 <kuroneko@kuroneko-VirtualBox>
# name: F
# type: matrix
# rows: 6
# columns: 1
 2.8421709430404007e-14
 336.11352587266686
 33017.778106267564
 5330556.2749834061
 1088786453.7397311
 249106265656.09238


# name: J
# type: matrix
# rows: 6
# columns: 6
 1.0000000116860974 1.0000000116860974 0.99999999392252903 0 0 0
 98.970216413363232 250.44759013326257 16.276401879622426 1.6111681588881765 0.23727523057459621 10.151556466553302
 9795.1037605525926 62723.995433771051 264.92125471122563 318.91540857031941 118.85000276379287 330.46162570826709
 969423.54924976826 15709073.524922132 4311.9676411151886 47344.686463475227 44648.554176092148 8068.0940300226212
 95944058.895111084 3934299609.6611023 70183.277130126953 6247618.1983947754 14909498.691558838 175094.6044921875
 9495604248.046875 985335856323.24219 1142272.94921875 772910156.25 4667559509.2773438 3562316.89453125


# name: s
# type: matrix
# rows: 6
# columns: 1
 -0.028179719428355843
 -0.14412351114580002
 0.17230323363486305
 -46.112443030467382
 -15.234962469944755
 -21.880771202910442


# name: w
# type: matrix
# rows: 1
# columns: 3
 1.6111684983128143 0.23727525595469265 10.151556245732532


# name: t
# type: matrix
# rows: 1
# columns: 3
 98.970216662834133 250.44759026658559 16.276402398896572


# name: erro
# type: scalar
46.112443030467382


# name: tol
# type: scalar
9.9999999999999995e-08


# name: E
# type: scalar
9.9999999999999995e-08


# name: N
# type: scalar
3


