# Created by Octave 5.2.0, Sat Mar 13 02:06:57 2021 -03 <kuroneko@kuroneko-VirtualBox>
# name: F
# type: matrix
# rows: 6
# columns: 1
 1.2114753644709708e-12
 59.357383684880887
 1070.4247221665355
 16247.055779187813
 240416.98560148026
 5428329.4708242659


# name: J
# type: matrix
# rows: 6
# columns: 6
 1.0000000116860974 1.0000000116860974 1.0000000116860974 0 0 0
 13.28973652903187 188.24649359316936 0.39612814362044446 7.957587797591259 9.6633812063373625e-06 4.0424023950436094
 176.61709534877446 35436.742332422 0.15691966837039217 211.50849079276668 0.0036561687011271715 3.2026218832470477
 2347.1946406061761 6670842.4871467287 0.062136678025126457 4216.3381658610888 1.0326402843929827 1.9029539544135332
 31193.598115351051 1255762707.2240577 0.024738255888223648 74712.030473165214 259.18037863448262 1.0052463039755821
 414554.70025539398 236392926365.17438 0.0093132257461547852 1241129.0034651756 60987.304896116257 0.5029141902923584


# name: s
# type: matrix
# rows: 6
# columns: 1
 -4.4041410562942405
 4.4190246933696054e-05
 4.4040968660461015
 -1.4232470250180087
 -201.39276318453665
 2.1638480424569106


# name: w
# type: matrix
# rows: 1
# columns: 3
 7.9575878539803906 9.713191178038183e-06 4.0424024328296548


# name: t
# type: matrix
# rows: 1
# columns: 3
 13.289736454669121 188.24649354951214 0.39612825368902604


# name: erro
# type: scalar
201.39276318453665


# name: tol
# type: scalar
9.9999999999999995e-08


# name: E
# type: scalar
9.9999999999999995e-08


# name: N
# type: scalar
3


