# Created by Octave 5.2.0, Sat Mar 13 01:38:30 2021 -03 <kuroneko@kuroneko-VirtualBox>
# name: F
# type: matrix
# rows: 8
# columns: 1
 0
 -6.6901904155480807e-11
 1.9357293393085229e-05
 -2.3130200532683887e-10
 0.0001512334941651261
 -1.3497737150203193e-08
 0.0012248061738091565
 -2.1637831260079565e-07


# name: J
# type: matrix
# rows: 8
# columns: 8
 0.99999999392252903 0.99999999392252903 1.0000000116860974 1.0000000028043132 0 0 0 0
 -2.5834042194361473 -1.0199408340128002 1.019940825131016 2.5834042149952552 1.0435708031053537 1.9564291875440176 1.9564291875440176 1.0435708075462458
 6.6739773174617767 1.040279258290866 1.040279258290866 6.6739773174617767 -5.3919303510951977 -3.9908838189717244 3.9908842097702291 5.3919305287308816
 -17.241581140581275 -1.0610233047714246 1.0610233047714246 17.241581140581275 20.894302927843 6.1056977074258612 6.1056988798213752 20.894304491037019
 44.541973380773925 1.0821810292327427 1.0821810292327427 44.541973380773925 -71.971238639889634 -8.3032666964300006 8.3032691122753022 71.97124730851101
 -115.06992152021667 -1.1037604963348713 1.1037604963348713 115.06992152021667 232.41349722979976 10.586050365191113 10.58605448633898 232.41353318326219
 297.27211995123071 1.1257702681177761 1.1257702681177761 297.27211995123071 -720.50159587888629 -12.95657398259209 12.956579666933976 720.50173457682831
 -767.97404744866071 -1.1482200079626637 1.1482188710942864 767.97404631179234 2171.5712910008733 15.417426766362041 15.417435861309059 2171.571793496696


# name: s
# type: matrix
# rows: 8
# columns: 1
 -6.820829614483569e-07
 6.8212511307928815e-07
 6.8241209803957017e-07
 -6.8245425573111077e-07
 5.5688589014818839e-07
 7.0996381909560992e-07
 -7.0971117321687531e-07
 -5.5665675459596935e-07


# name: w
# type: matrix
# rows: 1
# columns: 4
 1.0435708088534972 1.9564291911046248 1.9564291908174376 1.043570809224446


# name: t
# type: matrix
# rows: 1
# columns: 4
 -2.5834042123041256 -1.0199408253085398 1.0199408250563242 2.5834042120752412


# name: erro
# type: scalar
7.0996381909560992e-07


# name: tol
# type: scalar
9.9999999999999995e-08


# name: E
# type: scalar
9.9999999999999995e-08


# name: N
# type: scalar
4


