# Created by Octave 5.2.0, Fri Mar 12 23:59:29 2021 -03 <caio@xubuntu>
# name: F
# type: matrix
# rows: 12
# columns: 1
 0
 -2.057999170385072e-12
 6.4182272829782505e-08
 5.3938930145297492e-11
 4.8128799001734279e-08
 8.4598434160754188e-11
 -1.6977285854924418e-08
 1.0176642037743044e-10
 -9.3622163993556384e-08
 1.1380614116027199e-10
 -1.5305570960633119e-07
 1.2693147141001893e-10


# name: J
# type: matrix
# rows: 12
# columns: 12
 0.99999999836342113 0.99999999836342113 0.99999999836342113 0.99999999836342113 0.99999999836342113 0.99999999836342113 0 0 0 0 0 0
 -0.93246523169554507 -0.66120551811543748 -0.2386178543645201 0.23861785491963161 0.66120551894810475 0.93246523225065658 0.17132961160903903 0.36075907483557046 0.46791131302903466 0.46791131358414617 0.36075907483557046 0.17132961105392752
 0.86949140887249143 0.43719273645770329 0.056938480597068519 0.056938480597068519 0.43719273867814934 0.86949140887249143 -0.31951779444483464 -0.47707174655187146 -0.22330394089387084 0.22330403415260491 0.47707181871636806 0.31951782775152537
 -0.81077050795297367 -0.2890742506478361 -0.013586538005760929 0.013586538005760929 0.28907425120294761 0.81077050878564094 0.44690882772258078 0.47316367129957015 0.079926444074285286 0.079926511242778275 0.47316381451834033 0.44690892264664939
 0.75601530979962916 0.19113748972454658 0.0032419905648950476 0.0032419905648950476 0.1911374902796581 0.75601531035474068 -0.55563589507201527 -0.41714454279695445 -0.025429163219570228 0.025429195971149454 0.41714473208998015 0.55563607270769921
 -0.70495799087133548 -0.12638116275720535 -0.00077359674222066133 0.00077359701977641748 0.12638116358987261 0.70495799212033639 0.6476389072251898 0.34477281557476758 0.0075848138880729721 0.0075848269331935114 0.34477302512936348 0.64763918436461232
 0.65734881649071042 0.083563922448348649 0.0001845934516353509 0.0001845934516353509 0.083563922448348649 0.65734881760093344 -0.72468087752852739 -0.2735588056079763 -0.0021718460363473469 0.0021718504772394454 0.27355901266457039 0.7246812655514745
 -0.61295491654567158 -0.055252926539628433 -4.4047404612612695e-05 4.4047404612612695e-05 0.055252926955962067 0.61295491793345036 0.78836296754647428 0.21102500746827957 0.00060461469164607706 0.00060461607942485784 0.21102519995319646 0.7883634745020629
 0.57155914834350341 0.036533539526928394 1.0510481374126357e-05 1.0510481374126357e-05 0.036533540082039906 0.57155914973128219 -0.84013830614626528 -0.15946387321719158 -0.00016488199694464356 0.00016488255205615587 0.15946404252620283 0.84013893675294327
 -0.53295903384986687 -0.024156178168865949 -2.5079938126282286e-06 2.5079938126282286e-06 0.024156178446421706 0.53295903537642353 0.88132468309409795 0.11861818291492021 4.4261816434243428e-05 4.4261955212121507e-05 0.11861832724391341 0.88132543943353348
 0.49696576909230572 0.015972198286196004 5.9841021027295938e-07 5.9841021027295938e-07 0.015972198563751761 0.49696577075764026 -0.91311620098455393 -0.087145545779598876 -1.1735057370287905e-05 1.1735057370287905e-05 0.087145665128574024 0.91311708305674699
 -0.46340330114857942 -0.01056090562223666 -1.4280243654241076e-07 1.4280243654241076e-07 0.010560905761014538 0.46340330267513608 0.93659397085166241 0.063383222559387775 3.0801750039444187e-06 3.0803137818224968e-06 0.063383318871235161 0.93659497629738908


# name: s
# type: matrix
# rows: 12
# columns: 1
 -4.934805892149947e-08
 5.179377290985974e-07
 -4.6904072712228288e-07
 -4.6896376153316809e-07
 5.1839216921552992e-07
 -4.8977350737176839e-08
 -1.3686000667109414e-07
 3.6864962081017627e-07
 2.5413224713024086e-07
 -2.5496535333283238e-07
 -3.6927138523677707e-07
 1.3657791228942631e-07


# name: w
# type: matrix
# rows: 1
# columns: 6
 0.17132961151130907 0.3607590753976424 0.46791131354224319 0.467911313464967 0.3607590749424579 0.17132961114138173


# name: t
# type: matrix
# rows: 1
# columns: 6
 -0.93246523184977081 -0.6612055182209633 -0.23861785420640605 0.23861785503959035 0.66120551884239886 0.93246523213140076


# name: erro
# type: scalar
5.1839216921552992e-07


# name: tol
# type: scalar
9.9999999999999995e-08


# name: E
# type: scalar
9.9999999999999995e-08


# name: N
# type: scalar
6


