# Created by Octave 5.2.0, Fri Mar 12 23:59:29 2021 -03 <caio@xubuntu>
# name: F
# type: matrix
# rows: 12
# columns: 1
 -1.3322676295501878e-15
 -6.2016364266170854e-17
 -0.027777111111110808
 -6.2016364266170854e-17
 -0.029049592593525853
 -6.0715321659188248e-17
 -0.029176416806058036
 -4.9873299934333204e-17
 -0.030015252992914604
 -3.1658703436576729e-17
 -0.030618245599779381
 -2.1684043449710089e-17


# name: J
# type: matrix
# rows: 12
# columns: 12
 0.99999999836342113 0.99999999836342113 0.99999999836342113 0.99999999836342113 0.99999999836342113 0.99999999836342113 0 0 0 0 0 0
 -0.91666666701684107 -0.66666666631576277 -0.24999999959085528 0.24999999959085528 0.66666666659331852 0.91666666673928532 0.16666666657894069 0.33333333315788138 0.50000000029193359 0.50000000029193359 0.33333333315788138 0.16666666657894069
 0.84027777846884533 0.44444444458058285 0.062500000730381089 0.062500000730381089 0.44444444458058285 0.8402777773586223 -0.30555553864886065 -0.44444441016366909 -0.24999994963081917 0.25000005066111441 0.44444447788727359 0.30555557195555139
 -0.77025462980051529 -0.29629629638705524 -0.015624999905039516 0.015624999905039516 0.29629629638705524 0.77025462980051529 0.42013884260505563 0.44444437768964562 0.093749962515321528 0.09375003745537569 0.44444451091640857 0.42013893475356667
 0.70606674396067604 0.19753086444307399 0.0039062503232045742 0.0039062503232045742 0.19753086444307399 0.70606674396067604 -0.51350300178665265 -0.39506163951319451 -0.031249980936287614 0.031250018683870451 0.39506181714887845 0.51350316998544088
 -0.64722784853810111 -0.13168724277701216 -0.00097656244202326548 0.00097656244202326548 0.13168724291579004 0.64722784853810111 0.58838882460721109 0.32921800813268121 0.0097656172037829947 0.0097656327469053394 0.32921820561360171 0.58838908120750766
 0.59329219426196289 0.087791495184674773 0.00024414026356112117 0.00024414026356112117 0.087791495184674773 0.59329219426196289 -0.64722767145752869 -0.26337438674417513 -0.0029296842729564787 0.0029296903791831141 0.26337458436387351 0.64722802450845052
 -0.54385117825850315 -0.058527663548968434 -6.1035204668158372e-05 6.1035204668158372e-05 0.058527663548968434 0.54385117825850315 0.6921740000609411 0.20484672985654484 0.00085449120001968026 0.00085449328168785144 0.20484691415356693 0.69217445289315727
 0.49853024652879441 0.039018442365978956 1.5258905250448151e-05 1.5258905250448151e-05 0.039018442365978956 0.49853024652879441 -0.72513462706647047 -0.156073687307412 -0.00024414026356112117 0.00024414081867263349 0.15607385106530813 0.725135180790204
 -0.456986059549358 -0.026012294818134052 -3.8147263126120379e-06 3.8147263126120379e-06 0.02601229495691193 0.456986059549358 0.74779504338762237 0.1170552565987748 6.8664379737626291e-05 6.8664657293382447e-05 0.1170553971807653 0.74779569605998297
 0.41890388768894837 0.017341529878756035 9.5368157815300947e-07 9.5368157815300947e-07 0.017341529878756035 0.41890388768894837 -0.76164305834458546 -0.08670759110707138 -1.9073631563060189e-05 1.9073631563060189e-05 0.086707708235600478 0.76164380580223678
 -0.38399523061283247 -0.01156101991917069 -2.3842039453825237e-07 2.3842039453825237e-07 0.01156101991917069 0.38399523061283247 0.76799004170013951 0.063585561954626613 5.2452486798415521e-06 5.2452486798415521e-06 0.063585657295028852 0.76799087964096735


# name: s
# type: matrix
# rows: 12
# columns: 1
 -0.0010889840477645316
 0.031431587712486692
 -0.030342615621946244
 -0.030342645663921728
 0.031431545234115087
 -0.0010888876129679335
 -0.020237485663759616
 0.0022292513911966153
 0.0098498964046093238
 -0.0098499323631922823
 -0.0022293234813775117
 0.020237422250781172


# name: w
# type: matrix
# rows: 6
# columns: 1
 0.16666666666666666
 0.33333333333333331
 0.5
 0.5
 0.33333333333333331
 0.16666666666666666


# name: t
# type: matrix
# rows: 6
# columns: 1
 -0.91666666666666663
 -0.66666666666666674
 -0.25
 0.25
 0.66666666666666674
 0.91666666666666663


# name: erro
# type: scalar
0.031431587712486692


# name: tol
# type: scalar
9.9999999999999995e-08


# name: E
# type: scalar
9.9999999999999995e-08


# name: N
# type: scalar
6


