# Created by Octave 5.2.0, Sat Mar 13 01:39:03 2021 -03 <kuroneko@kuroneko-VirtualBox>
# name: F
# type: matrix
# rows: 14
# columns: 1
 0.85714285714285143
 1.3530843112619095e-16
 -0.52476334110788159
 9.7144514654701197e-16
 -6.0475667600292837
 -1.1546319456101628e-14
 -54.423124179700153
 -2.007283228522283e-13
 -498.88851716925592
 -1.1368683772161603e-12
 -4580.941265798614
 -1.659827830735594e-11
 -42004.657864671317
 -1.9281287677586079e-10


# name: J
# type: matrix
# rows: 14
# columns: 14
 1.0000000028043132 1.0000000028043132 1.0000000028043132 1.0000000028043132 1.0000000028043132 1.0000000028043132 0.99999999392252903 0 0 0 0 0 0 0
 -2.7857142903542353 -2.1428571450599065 -1.0714285725299533 0 1.0714285680890612 2.1428571428394605 2.7857142859133432 0.42857142723562447 0.85714285447124894 1.2857142905886576 1.7142857178242821 1.2857142861477655 0.85714285669169499 0.42857142723562447
 7.7602041059776639 4.5918367419517381 1.1479592032515029 0 1.1479592032515029 4.5918367419517381 7.7602040704505271 -2.3877550603401687 -3.6734692798745527 -2.7551019243787778 1.7763568394002505e-07 2.7551021730687353 3.6734694575102367 2.3877551313944423
 -21.617711354338098 -9.839650161325153 -1.2299562612838599 0 1.2299562612838599 9.8396501435615846 21.617711372101667 9.977404857863803 11.807579625155995 4.4278421640342458 0 4.4278429811583919 11.807580708733667 9.9774055861701072
 60.220767466034886 21.084964600959211 1.3178102165056771 0 1.3178102165056771 21.084964600959211 60.220767466034886 -37.058931781075444 -33.735940832002598 -6.3254884707930614 0 6.3254903182041744 33.735945663693201 37.058935760114764
 -167.75785198319682 -45.182066941151788 -1.4119396496425907 0 1.4119396496425907 45.182066941151788 167.75785198319682 129.04449206985191 90.364125355790748 8.4716359083358839 0 8.4716391768324684 90.364142266707859 129.04451054396304
 467.32544547012367 96.818715746849193 1.5127920960367192 0 1.5127920960367192 96.818714609980816 467.32544547012367 -431.37729335285258 -232.36488800648658 -10.892102864090702 0 10.892108548432589 232.36494257616869 431.3773717967706
 -1301.8351683058427 -207.46867562593252 -1.6208491615543608 0 1.6208491615543608 207.46867562593252 1301.8351683058427 1401.9761806594033 580.91220694223011 13.615127727462095 0 13.615135685540736 580.91237065127643 1401.9764830663917
 3626.5408243707498 444.57573494582903 1.7366255633533001 0 1.7366255633533001 444.57573039835552 3626.5408243707498 -4463.4342930294224 -1422.6421080820728 -16.671583580318838 0 16.671597222739365 1422.6425719243707 4463.4354117079056
 -10102.506585099036 -952.66228527179919 -1.8606715457281098 0 1.8606715457281098 952.66228527179919 10102.506585099036 13988.084010634338 3429.5835666853236 20.095212676096708 0 20.095230865990743 3429.5848581678001 13988.088021505973
 28142.696901340969 2041.4191749296151 1.9935760064981878 0 1.9935760064981878 2041.4191749296151 28142.696901340969 -43296.449730405584 -8165.674953488633 -23.922875698190182 0 23.922912077978253 8165.6784459482878 43296.463700244203
 -78397.512843366712 -4374.4696449721232 -2.1359301172196865 0 2.1359301172196865 4374.4696449721232 78397.512843366712 132672.69001516979 19247.661984991282 28.194845071993768 0 28.194845071993768 19247.671007178724 132672.73759993259
 218393.07097252458 9373.8635769113898 2.2887252271175385 0 2.2887252271175385 9373.8635769113898 218393.07126356289 -403187.12883163244 -44994.533527642488 -32.954849302768707 0 32.954849302768707 44994.556519668549 403187.28773854673
 -608380.69883175194 -20086.850854568183 -2.4517066776752472 0 2.4517066776752472 20086.850563529879 608380.69883175194 1216761.1339827999 104451.59336086363 38.251746445894241 0 38.251164369285107 104451.65185956284 1216761.6578517482


# name: s
# type: matrix
# rows: 14
# columns: 1
 -0.066109011145973909
 -0.0069731036051624735
 -0.17847047624274531
 -0.35403824827228425
 -0.17847011132231097
 -0.0069730338923039903
 -0.06610887084660412
 -0.076352790785098157
 -0.10481423358143194
 -0.1615016754313704
 -1.884950969189038e-07
 0.16150135174955596
 0.10481405589913992
 0.076352696910164095


# name: w
# type: matrix
# rows: 7
# columns: 1
 0.42857142857142855
 0.8571428571428571
 1.2857142857142858
 1.7142857142857142
 1.2857142857142858
 0.8571428571428571
 0.42857142857142855


# name: t
# type: matrix
# rows: 7
# columns: 1
 -2.7857142857142856
 -2.1428571428571428
 -1.0714285714285712
 0
 1.0714285714285712
 2.1428571428571428
 2.7857142857142856


# name: erro
# type: scalar
0.35403824827228425


# name: tol
# type: scalar
9.9999999999999995e-08


# name: E
# type: scalar
9.9999999999999995e-08


# name: N
# type: scalar
7


