# Created by Octave 5.2.0, Sat Mar 13 02:06:57 2021 -03 <kuroneko@kuroneko-VirtualBox>
# name: F
# type: matrix
# rows: 6
# columns: 1
 3.0607374412738864e-09
 -0.27498678599645388
 9564.6625413969759
 1441661.2864859556
 297471024.40535593
 67717667523.726746


# name: J
# type: matrix
# rows: 6
# columns: 6
 0.99999999392252903 0.99999999392252903 0.99999997615896064 0 0 0
 52.857773766845639 235.21262775716423 -5.6043687379769835 1.5829888866392139 0.093151584223960526 10.323859527261448
 2793.9442588831298 55324.980276054703 31.408962968271226 167.34655218897387 43.82094630273059 -115.71743016247638
 147681.67166039348 13013133.993372321 -176.02695152163506 13268.347829580307 15460.853464901447 972.78505563735962
 7806124.6871948242 3060853442.5497055 986.45687103271484 935114.02606964111 4848784.8043441772 -7269.3824768066406
 412614364.62402344 719951381454.46777 -5493.1640625 61785049.438476562 1425618972.7783203 50888.0615234375


# name: s
# type: matrix
# rows: 6
# columns: 1
 -0.37884645218252072
 -0.085472267729894288
 0.46431872509957839
 -17.037476303420686
 -3.4884184089469743
 6.8096068189066177


# name: w
# type: matrix
# rows: 1
# columns: 3
 1.5829887788844585 0.093151744808892628 10.323859479367396


# name: t
# type: matrix
# rows: 1
# columns: 3
 52.857773632366751 235.21262779664085 -5.6043688040138697


# name: erro
# type: scalar
17.037476303420686


# name: tol
# type: scalar
9.9999999999999995e-08


# name: E
# type: scalar
9.9999999999999995e-08


# name: N
# type: scalar
3


