# Created by Octave 5.2.0, Sat Mar 13 02:07:43 2021 -03 <kuroneko@kuroneko-VirtualBox>
# name: F
# type: matrix
# rows: 14
# columns: 1
 1.8154659997549061e-09
 2.0827819216182042e-07
 -0.10537143881325051
 4.7271902781087505e-09
 -0.042729595097583228
 -2.8515714065591169e-06
 0.62046467921095427
 -3.3583337058828988e-05
 9.3750408723908549
 -0.00036926096368006256
 141.50819481784856
 -0.0039758886725849152
 2026.7682841812493
 -0.042420969828526722


# name: J
# type: matrix
# rows: 14
# columns: 14
 1.0000000116860974 1.0000000116860974 1.0000000116860974 1.0000000116860974 1.0000000028043132 0.99999999392252903 1.0000000028043132 0 0 0 0 0 0 0
 -2.8620670722290242 -2.2476713645858126 -1.2329302379043838 -1.865174681370263e-07 1.2329299181601527 2.2476711958319129 2.8620669834111823 0.36246241563731019 0.85016975681639906 1.1072438166337406 1.3602474613350068 1.1072441719051085 0.85016982120933449 0.36246255774585734
 8.1914279803640966 5.0520266370313038 1.5201170100453965 0 1.5201161929212503 5.0520258199071577 8.191427411929908 -2.0747834383882946 -3.8218043485471753 -2.7303086369556695 -3.5527136788005009e-07 2.730309063281311 3.8218045261828593 2.0747842555124407
 -23.444416186180206 -11.355295583825864 -1.8741982188430484 0 1.8741967622304401 11.355292919290605 23.44441393020702 8.9072540276902146 12.885240110449558 5.0494200110051679 0 5.049419833369484 12.885240252558106 8.9072574915860514
 67.099491900535213 25.522972890712481 2.3107557467483275 0 2.3107531887944788 25.522964790525293 67.099482947696742 -33.990877312817247 -38.615712867340335 -8.3007765283582557 0 8.3007748230556899 38.615712014689052 33.990890671020679
 -192.04324672728035 -57.367255692497565 -2.8490006798165268 0 2.8489967007772066 57.367232955130021 192.04321503707433 121.60521151827197 108.49428804249328 12.792847314813116 0 12.792842198905419 108.4942820739343 121.60525955096091
 549.6406527072395 128.9427382289432 3.5126186048728414 0 3.5126129205309553 128.94267683805083 549.64054470474366 -417.65071955524036 -292.6314004980668 -18.927225937659387 0 18.927214568975614 292.63137435009412 417.65088440115505
 -1573.1084158687736 -289.82090270801564 -4.3308159547450487 0 4.3308068597980309 289.82074127270607 1573.1080566183664 1394.5684122518287 767.36240998798166 27.225271423958475 0 27.225250960327685 767.3623133541696 1394.5689681804652
 4502.3418078926625 651.42214225488715 5.3395888244267553 0 5.3395797294797376 651.42173298227135 4502.3406255495502 -4561.5408816956915 -1971.1754157469841 -38.362131817848422 0 38.362086343113333 1971.1750974238385 4561.5427097800421
 -12886.004260508344 -1464.1829147876706 -6.5833501139422879 0 6.5833228291012347 1464.1818779637106 12886.000449725543 14687.365173813305 4984.373763363692 53.210051191854291 0 53.209987527225167 4984.3727902043611 14687.371121908654
 36880.60853164643 3291.002030891832 8.1168036558665335 0 8.1167672760784626 3290.9994479268789 36880.596417177003 -46706.915090908296 -12448.037741705775 -72.893635660875589 0 72.893562901299447 12448.034940462094 46706.934117537457
 -105554.77543675806 -7397.091030725278 -10.007497621700168 0 10.007424862124026 7397.0845551230013 105554.73738349974 147046.15387017839 30777.007341384888 98.860036814585328 0 98.859891295433044 30776.99919231236 147046.21396958828
 302104.84750568867 16626.229626126587 12.338277883827686 0 12.338277883827686 16626.213910058141 302104.7287620604 -459115.58030638844 -75465.378467924893 -132.96841643750668 0 132.96783436089754 75465.355766937137 459115.76831713319
 -864644.33756191283 -37370.300851762295 -15.212572179734707 0 15.212572179734707 37370.262434706092 864643.96968949586 1423521.1932100356 183756.48069195449 177.60263290256262 0 177.60205082595348 183756.42015598714 1423521.7811074108


# name: s
# type: matrix
# rows: 14
# columns: 1
 0.024901628143942443
 -0.011717245635392655
 0.039207980013786378
 -0.1047840149881302
 0.039207543033595006
 -0.011717356313566681
 0.024901464291734815
 0.014672448134724793
 0.021250323941579413
 0.014665795093018215
 2.4512364802432484e-07
 -0.014665350919758307
 -0.021250108761727799
 -0.014672332464295144


# name: w
# type: matrix
# rows: 1
# columns: 7
 0.36246241742545465 0.85016975353769464 1.1072438094715404 1.3602474660134298 1.1072441743919748 0.85016982325055312 0.36246255772482444


# name: t
# type: matrix
# rows: 1
# columns: 7
 -2.8620670764993839 -2.247671376438575 -1.2329302468599415 -1.884950969189038e-07 1.2329299231781272 2.2476711987562825 2.8620669826244498


# name: erro
# type: scalar
0.1047840149881302


# name: tol
# type: scalar
9.9999999999999995e-08


# name: E
# type: scalar
9.9999999999999995e-08


# name: N
# type: scalar
7


