# Created by Octave 5.2.0, Sat Mar 13 02:07:11 2021 -03 <kuroneko@kuroneko-VirtualBox>
# name: F
# type: matrix
# rows: 8
# columns: 1
 -1.1546319456101628e-14
 1.0162347872932909e-09
 -0.0092462495966607605
 1.8286998323957526e-07
 -0.15596447157952298
 1.7409857688832631e-06
 -1.38334586112137
 8.3598436315668323e-06


# name: J
# type: matrix
# rows: 8
# columns: 8
 1.0000000028043132 1.0000000028043132 1.0000000028043132 1.0000000028043132 0 0 0 0
 -2.5829463012883025 -1.021204463214076 1.021204418805155 2.5829462968474104 1.0422898544248937 1.9577101273426933 1.9577101273426933 1.0422898899520305
 6.671611636477337 1.0428585639488119 1.0428584928945384 6.6716116009502002 -5.3843573510903298 -3.9984444555329901 3.9984446686958108 5.3843577418888344
 -17.232414570855781 -1.0649718262811803 1.0649716486454963 17.232414393220097 20.861258462900878 6.1248436722394217 6.1248443117278839 20.861260736637632
 44.510401693287349 1.0875540112920135 1.0875538691834663 44.510400982744613 -71.844679183641347 -8.3396230365906376 8.3396244576761092 71.844689557565289
 -114.96797739596332 -1.1106149599982018 1.1106146757811075 114.96797512222656 231.96368175604221 10.645574946011038 10.645577219747793 231.96372296752088
 296.95611260649457 1.1341649042151403 1.1341649042151403 296.95610578528431 -718.97966677170189 -13.045570312897325 13.04557258663408 718.97982138580119
 -767.02169280906674 -1.1582142178667709 1.1582130809983937 767.02167348230432 2166.6001487119502 15.54255959490547 15.542564142378978 2166.6006830400875


# name: s
# type: matrix
# rows: 8
# columns: 1
 0.0012809530417181936
 -0.0012809323599643823
 -0.0012809356459993519
 0.0012809149642571372
 -0.00045790695289850669
 0.0012636386039655174
 -0.0012635920980643288
 0.00045791614321844876


# name: w
# type: matrix
# rows: 1
# columns: 4
 1.042289855811779 1.9577101234645891 1.9577101264634369 1.0422898942601888


# name: t
# type: matrix
# rows: 1
# columns: 4
 -2.5829463053512272 -1.0212044639125053 1.0212044171543886 2.5829462959320226


# name: erro
# type: scalar
0.0012809530417181936


# name: tol
# type: scalar
9.9999999999999995e-08


# name: E
# type: scalar
9.9999999999999995e-08


# name: N
# type: scalar
4


