# Created by Octave 5.2.0, Sat Mar 13 00:10:11 2021 -03 <kuroneko@kuroneko-VirtualBox>
# name: F
# type: matrix
# rows: 14
# columns: 1
 -3.6973357708802723e-10
 5.8256898215636871e-08
 -0.0039026450756346476
 -1.4962775250586258e-09
 -0.00017584187768943105
 -1.175439419930091e-08
 0.00028370593921561715
 -1.5254047727644021e-08
 0.00047630165901352273
 -1.8732903426816466e-08
 0.00079881835125861222
 -2.2563475484717321e-08
 0.0012712412477119128
 -2.6849063896640379e-08


# name: J
# type: matrix
# rows: 14
# columns: 14
 1.0000000028043132 1.0000000028043132 1.0000000028043132 1.0000000028043132 1.0000000028043132 1.0000000028043132 0.99999999836342113 0 0 0 0 0 0 0
 -0.9540223855353247 -0.74922382742315108 -0.41097681369173245 -1.5543122344752192e-07 0.41097653835642234 0.74922366671836826 0.95402229366436941 0.12082077116559731 0.28338991597820495 0.3690811745116207 0.45341579157920364 0.36908147538206038 0.28338996399535077 0.12082090522502753
 0.91015871284128025 0.56133634407373734 0.16890194132201941 0 0.16890171483652239 0.56133610204511797 0.91015853742604236 -0.23053142950146821 -0.42464492810978527 -0.30336757328441877 -9.5479180117763462e-08 0.30336769096805938 0.42464496363692206 0.23053168707320992
 -0.86831178580659696 -0.42056656324174213 -0.069414781422860727 0 0.069414642367426893 0.42056629290243563 0.86831153503497127 0.32989819875872683 0.4772311146261643 0.18701553500255486 0 0.18701552834121671 0.4772311171241661 0.32989856985077282
 0.82838888082470419 0.31509848952282482 0.028527865625349591 0 0.028527789019960892 0.31509821973862984 0.82838856219069612 -0.41964033359320752 -0.47673719860696906 -0.10247871995439084 0 0.10247867110457776 0.47673716085938622 0.41964080876866205
 -0.79030153643522283 -0.23607929666713545 -0.011724291537618114 0 0.011724252402256496 0.23607904353628584 0.79030115632261477 0.5004328137991898 0.44647855496071642 0.052645465209444353 0 0.052645418857633075 0.44647848487788799 0.50043338500893597
 0.75396535681448995 0.17687623365958416 0.0048184117806826521 0 0.0048183923517797211 0.17687600661897562 0.7539649216070643 -0.57290889865502237 -0.40141481971733839 -0.025963275418483533 0 0.025963241556681282 0.40141472368304676 0.57290955701727597
 -0.71929982831120398 -0.13251988895124356 -0.0019802556816550521 0 0.0019802465223150989 0.13251969022132215 0.71929934397640949 0.63766253249886162 0.3508744483848858 0.012448686803612219 0 0.012448665154263239 0.35087433652991606 0.63766327135228451
 0.68622813820251594 0.099287058574759612 0.00081383927375000553 0 0.00081383483285790703 0.099286888155525332 0.68622761001391197 -0.69525062706965457 -0.30043826204639856 -0.0058469953878592662 0 0.0058469828978502392 0.3004381421423119 0.69525143836512981
 -0.65467700538501816 -0.074388229742705647 -0.00033446911906764853 0 0.00033446689862159928 0.074388086246379714 0.65467643847738621 0.74619520507024362 0.25323242586194894 0.0027033517091545889 0 0.0027033444927049288 0.25323230401497199 0.7461960825627667
 0.6245765185597385 0.055733434534133153 0.00013745921068064604 0 0.00013745837801337757 0.055733314907602249 0.62457591765152642 -0.79098543603883797 -0.21080861611899593 -0.0012344605893055416 0 0.0012344572586364677 0.21080849788024381 0.79098637306707076
 -0.59585997996824958 -0.041756816893112614 -5.6492449607148387e-05 0 5.6492033273514153e-05 0.041756718499597056 0.59585934936157159 0.83007955037350811 0.17373711039270212 0.00055806817500503314 0 0.00055806623211474005 0.17373699867651027 0.83008054069244608
 0.56846375939834104 0.031285201929076578 2.3216983890961274e-05 0 2.3216983890961274e-05 0.031285121715463049 0.56846310325653349 -0.86390665204882922 -0.14200142645082181 -0.00025020346905435531 0 0.00025020235883133068 0.14200132347763628 0.863907690384913
 -0.54232715193669456 -0.023439618856979649 -9.5416730072628297e-06 0 9.5415342293847516e-06 0.023439553631376953 0.54232647359042652 0.89286842877567274 0.11525674872836511 0.00011139672517757049 0 0.00011139630884393625 0.11525665602474255 0.89286950930023146


# name: s
# type: matrix
# rows: 14
# columns: 1
 0.0083005770867667743
 -0.0039057534425563306
 0.013069404997900274
 -0.034927981734646778
 0.013069113045942354
 -0.0039057960524451064
 0.0083004365056337341
 0.0048908465538043625
 0.0070834733930021576
 0.0048886522358669859
 1.4068116627097405e-07
 -0.0048883655900240118
 -0.0070833108648827667
 -0.0048907397847842374


# name: w
# type: matrix
# rows: 1
# columns: 7
 0.1208207716247482 0.28338991696196525 0.36908117470375568 0.45341579157370809 0.36908147536940605 0.28338996403131 0.12082090536537461


# name: t
# type: matrix
# rows: 1
# columns: 7
 -0.95402238547228368 -0.74922382704934176 -0.41097681332101593 -1.5475412443252939e-07 0.41097653857142508 0.74922366647663807 0.95402229369100033


# name: erro
# type: scalar
0.034927981734646778


# name: tol
# type: scalar
9.9999999999999995e-08


# name: E
# type: scalar
9.9999999999999995e-08


# name: N
# type: scalar
7


