# Created by Octave 5.2.0, Fri Mar 12 23:59:29 2021 -03 <caio@xubuntu>
# name: F
# type: matrix
# rows: 12
# columns: 1
 0
 1.2273992035412296e-09
 0.0002616005102824559
 1.0330727597158973e-09
 0.00047230711467444175
 -2.2665479684075285e-09
 0.0012167854687822888
 -6.8933702162231325e-09
 0.002107668241602717
 -1.2526536659080573e-08
 0.0029973745302448729
 -1.8429574915636293e-08


# name: J
# type: matrix
# rows: 12
# columns: 12
 0.99999999836342113 0.99999999836342113 0.99999999836342113 0.99999999836342113 0.99999999836342113 0.99999999836342113 0 0 0 0 0 0
 -0.93690415314817699 -0.66443741619792718 -0.24015010424704997 0.24015006760969015 0.66443734320076331 0.93690408903279732 0.16557768267588813 0.36476492049075659 0.46965738409454616 0.46965735411852449 0.36476487830228166 0.16557777898773551
 0.87778939117377774 0.44147707822794757 0.057672072673042862 0.057672054909474468 0.44147698274876745 0.87778927237991411 -0.31026082036866853 -0.48472688640721628 -0.22557649193011287 0.22557653744925688 0.48472684976985647 0.31026101354747482
 -0.82240452503601347 -0.29333388884555944 -0.013849954239031348 0.013849947855248956 0.29333379392149084 0.82240435794744826 0.43602695287692228 0.48310598244061254 0.081258309803100559 0.081258348105794909 0.48310596689749019 0.43602724070224141
 0.77051421465412773 0.19490201119687356 0.0033260671994383983 0.0033260649789923491 0.19490192570970066 0.77051400537708759 -0.54468725418921338 -0.4279915555294167 -0.026018917020920185 0.026018934784488579 0.42799155886008577 0.54468763499571082
 -0.72189796668231665 -0.12950018835056198 -0.000798755506181692 0.00079875495107017969 0.12950011826773355 0.72189772257202911 0.63789965365490531 0.35546697640942426 0.007810555258114249 0.0078105633072311775 0.35546699458932629 0.63790012480580138
 0.6763492027550555 0.086044770197801768 0.00019182100352566067 0.00019182100352566067 0.086044714131539024 0.67634892797485691 -0.71718096295025902 -0.28342264923875149 -0.0022508467312221114 0.0022508489516681607 0.28342267588410408 0.71718152083732889
 -0.63367437658223835 -0.057171364864494478 -4.6065928849259308e-05 4.6065651293503151e-05 0.05717132142701864 0.63367407626691019 0.78391808405742225 0.21970269825644095 0.00063063082533787451 0.00063063193556089914 0.21970272795490686 0.78391872423977382
 0.59369215488214166 0.03798679426569862 1.1062817328877372e-05 1.1062817328877372e-05 0.037986760959007881 0.59369183319502028 -0.83937836403702448 -0.16683277925810813 -0.00017308099398150034 0.00017308154909301265 0.1668328092341298 0.83937908290643293
 -0.55623264480497703 -0.025239847156743878 -2.6567636979279996e-06 2.6566249200499215e-06 0.025239822593059458 0.55623230590939876 0.88471916195875799 0.12470617399840123 4.6761067240552734e-05 4.6761206018430812e-05 0.12470620133764321 0.88471995354777455
 0.52113667464714908 0.016770298760793168 6.3810068340330872e-07 6.3810068340330872e-07 0.016770280442113261 0.52113632159622725 -0.92099668030920512 -0.092066046175620642 -1.2477519018005978e-05 1.2477519018005978e-05 0.092066070322971427 0.92099754045449345
 -0.48825511439476443 -0.011142814032583104 -1.532107773982716e-07 1.532107773982716e-07 0.011142800709906808 0.48825475079672387 0.94917412485351349 0.067289333410824881 3.2961133822340116e-06 3.2961133822340116e-06 0.06728935367239508 0.94917504828151422


# name: s
# type: matrix
# rows: 12
# columns: 1
 0.0054242677302238883
 -0.0038761515707827886
 -0.0015481006136879518
 -0.0015480717910238556
 -0.003876108886679564
 0.0054241651319502718
 0.004332052892234161
 0.0029397425761171019
 0.0014301644701463162
 -0.0014301222880482008
 -0.002939665674913793
 -0.004331980351570004


# name: w
# type: matrix
# rows: 1
# columns: 6
 0.16557768261890213 0.36476492104582003 0.46965738437805377 0.46965735433607825 0.36476487856744838 0.16557777905369872


# name: t
# type: matrix
# rows: 1
# columns: 6
 -0.93690415233042623 -0.66443741527547018 -0.24015010359539068 0.24015006763680771 0.66443734318528924 0.93690408891744781


# name: erro
# type: scalar
0.0054242677302238883


# name: tol
# type: scalar
9.9999999999999995e-08


# name: E
# type: scalar
9.9999999999999995e-08


# name: N
# type: scalar
6


