# Created by Octave 5.2.0, Sat Mar 13 01:39:03 2021 -03 <kuroneko@kuroneko-VirtualBox>
# name: F
# type: matrix
# rows: 14
# columns: 1
 -7.063682971875096e-12
 3.1079496615182833e-11
 -1.3421314157824327e-06
 2.4447653623749233e-09
 6.7688589183489967e-05
 3.6291626592799275e-08
 0.0011663277965681118
 3.6201245556810591e-07
 0.012107028112950502
 3.086211791014648e-06
 0.099830008617573185
 2.3785736402714974e-05
 0.71083281829487532
 0.00017033527183230035


# name: J
# type: matrix
# rows: 14
# columns: 14
 0.99999999392252903 0.99999999392252903 0.99999999392252903 0.99999999392252903 0.99999999392252903 0.99999999392252903 0.99999999392252903 0 0 0 0 0 0 0
 -2.8473051028043983 -2.2245756170491404 -1.2175295971417199 0 1.217529601582612 2.2245756192695865 2.8473051050248444 0.38848051886475332 0.83909898584977327 1.1454848891645497 1.2538712113041584 1.1454848891645497 0.83909898362932722 0.38848051886475332
 8.1071463498005869 4.9487366737821503 1.4823783089923381 0 1.4823783089923381 4.9487366737821503 8.1071463498005869 -2.2122450715755804 -3.7332782198973291 -2.7893234033626868 1.0658141036401503e-07 2.7893236165255075 3.7332783620058763 2.2122451426298539
 -23.083519167244049 -11.008838960435696 -1.8048394778702459 0 1.8048394778702459 11.008838995962833 23.083519185007617 9.4484049384391255 12.457439240165513 5.0941255125280804 0 5.0941263296522266 12.457440323743185 9.4484055956911561
 65.725821940532114 24.489994814302918 2.1974454966766643 0 2.1974454966766643 24.489994814302918 65.725822082640661 -35.86998801097252 -36.950019932646683 -8.2696644199131697 0 8.269666551541377 36.950024906445833 35.869991847903293
 -187.14146847287338 -54.479845346122602 -2.6754551640806312 0 2.6754548798635369 54.479845346122602 187.14146833076484 127.6659978088901 102.74763951656496 12.585700801537314 0 12.585705064793729 102.74765784856754 127.66601599878413
 532.8488578015822 121.19453572267957 3.2574450870015426 0 3.2574450870015426 121.19453572267957 532.8488578015822 -436.2048503026017 -274.28386715655506 -18.388155922366423 0 18.388162743576686 274.28392741057905 436.2049253359146
 -1517.1832728810841 -269.60640980178141 -3.9660369566263398 0 3.9660358197579626 269.60640980178141 1517.1832728810841 1449.0096509689465 711.85938622875256 26.119475933228387 0 26.119489575648913 711.8595783595083 1449.0099579234084
 4319.8836738156388 599.75984186166897 4.8287620302289724 0 4.8287620302289724 599.75984186166897 4319.8836738156388 -4715.1685703283874 -1809.8114287568023 -36.344272302812897 0 36.344290492706932 1809.8119926435174 4715.1697344816057
 -12300.026837692712 -1334.2111287784064 -5.8791647461475804 0 5.8791738410945982 1334.2111287784064 12300.026837692712 15103.713722055545 4529.3200764717767 49.78150172973983 0 49.781538109527901 4529.3217044672929 15103.717987585696
 35021.929143113084 2968.0535226361826 7.1580143412575126 0 7.1580143412575126 2968.0535226361826 35021.929143113084 -47783.200498088263 -11195.349798072129 -67.344954004511237 0 67.344954004511237 11195.35430916585 47783.215559320524
 -99718.117708107457 -6602.6595595758408 -8.7151420302689075 0 8.7151420302689075 6602.659632335417 99718.11763534788 149658.68293074891 27395.391807658598 90.193934738636017 0 90.194080257788301 27395.404104026966 149658.73560868204
 283927.90554789826 14688.115334138274 10.610965546220541 0 10.610965546220541 14688.115334138274 283927.90525685996 -464862.46283166111 -66483.4029157646 -119.7968958877027 0 119.7968958877027 66483.435512054712 464862.64269333333
 -808429.37401030213 -32674.823887646198 -12.919190339744091 0 12.919190339744091 32674.823887646198 808429.37342822552 1433905.6762401015 160222.13327232748 158.01109839230776 0 158.01109839230776 160222.21941966563 1433906.2810176983


# name: s
# type: matrix
# rows: 14
# columns: 1
 -4.2315449799331083e-06
 1.1497178713984248e-05
 -4.7926688433887403e-06
 -4.9471198269136971e-06
 -4.7922184407149132e-06
 1.1498436058324466e-05
 -4.232055617661996e-06
 -1.6267709420443859e-06
 1.1788590353208169e-06
 5.0237756000022485e-06
 -6.6597521204865648e-10
 -5.0246353298083056e-06
 -1.1790564430976059e-06
 1.6269329262434778e-06


# name: w
# type: matrix
# rows: 1
# columns: 7
 0.38848051886825097 0.83909898501750713 1.1454848901430579 1.2538712131474199 1.1454848896837482 0.83909898375312564 0.3884805193798308


# name: t
# type: matrix
# rows: 1
# columns: 7
 -2.8473051035841563 -2.2245756198392432 -1.2175295999839324 6.7371327277679737e-10 1.217529600854498 2.2245756200392757 2.84730510342089


# name: erro
# type: scalar
1.1498436058324466e-05


# name: tol
# type: scalar
9.9999999999999995e-08


# name: E
# type: scalar
9.9999999999999995e-08


# name: N
# type: scalar
7


