# Created by Octave 5.2.0, Sat Mar 13 02:06:57 2021 -03 <kuroneko@kuroneko-VirtualBox>
# name: F
# type: matrix
# rows: 6
# columns: 1
 4.6185277824406512e-12
 -0.9686929304064904
 26.085905984024294
 4697.8816499112145
 517881.44872097048
 94844300.167885736


# name: J
# type: matrix
# rows: 6
# columns: 6
 1.0000000116860974 1.0000000116860974 0.99999999392252903 0 0 0
 18.900027640711414 208.65793509017294 2.9816858670983493 0.70375129723743157 0.00023590018827235326 11.296012729644644
 357.21104723052122 43538.133886045216 8.8904511130749597 26.601838953865808 0.098451664598542266 67.3623253533151
 6751.2986788642593 9084577.1153362878 26.508532755542547 754.16324762045406 30.814135243417695 301.27996069495566
 127599.73178617656 1895569102.2670362 79.040182754397392 19004.940986633301 8572.8149861097336 1197.7634858340025
 2411638.3492946625 395525534744.2627 235.73637008666992 448992.40136146545 2235982.2690486908 4464.2388820648193


# name: s
# type: matrix
# rows: 6
# columns: 1
 1.0730970287066373
 -0.00013672938876977282
 -1.0729603183820946
 -13.227823890087638
 -16.730962638812024
 -0.59950934782711995


# name: w
# type: matrix
# rows: 1
# columns: 3
 0.70375130697675337 0.00023591675323781156 11.296012776274639


# name: t
# type: matrix
# rows: 1
# columns: 3
 18.90002769839052 208.65793511368699 2.98168589567344


# name: erro
# type: scalar
16.730962638812024


# name: tol
# type: scalar
9.9999999999999995e-08


# name: E
# type: scalar
9.9999999999999995e-08


# name: N
# type: scalar
3


