# Created by Octave 5.2.0, Sat Mar 13 02:06:57 2021 -03 <kuroneko@kuroneko-VirtualBox>
# name: F
# type: matrix
# rows: 6
# columns: 1
 8.8817841970012523e-15
 15.789068224973775
 219.73694684611183
 3583.2613221413462
 50817.379532841122
 670357.33351672452


# name: J
# type: matrix
# rows: 6
# columns: 6
 0.99999999392252903 0.99999999392252903 0.99999999392252903 0 0 0
 11.866489444400941 -13.146269566277624 2.5599763375794282 3.5534468167952582 5.4001247917767614e-05 8.4464993221899931
 140.81357107897929 172.8244046717009 6.553477760462556 84.333876202435931 -0.0014176748663885519 43.245676124570309
 1670.962756179506 -2271.9962271366967 16.776748452684842 1501.1206141934963 0.027948772185482085 166.06186363787856
 19828.461809083819 29868.275159969926 42.948086047545075 23750.709224259481 -0.48981746658682823 566.81936257518828
 235294.23284344375 -392656.39730729163 109.94612239301205 352296.92584834993 8.0501195043325424 1813.8042651116848


# name: s
# type: matrix
# rows: 6
# columns: 1
 -0.77995257850505628
 0.19092759898204992
 0.5890249795229775
 -1.4619857758346537
 12837.00522447711
 -0.12192022659325567


# name: w
# type: matrix
# rows: 1
# columns: 3
 3.5534467976861501 5.3903438111734237e-05 8.4464992988757572


# name: t
# type: matrix
# rows: 1
# columns: 3
 11.866489429651113 -13.14626963502451 2.5599762961459369


# name: erro
# type: scalar
12837.00522447711


# name: tol
# type: scalar
9.9999999999999995e-08


# name: E
# type: scalar
9.9999999999999995e-08


# name: N
# type: scalar
3


