# Created by Octave 5.2.0, Sat Mar 13 02:07:43 2021 -03 <kuroneko@kuroneko-VirtualBox>
# name: F
# type: matrix
# rows: 14
# columns: 1
 3.6143532611276896e-10
 3.0573085417484602e-09
 -0.0033627431863969548
 1.6182122228314277e-07
 -0.019087411564200352
 1.3160841971782133e-06
 -0.22041438209464559
 1.4326135355346992e-05
 -2.8105140043462598
 0.00015992469866432657
 -31.850782969169813
 0.0016764450608661718
 -322.75079388357699
 0.016854602592502488


# name: J
# type: matrix
# rows: 14
# columns: 14
 0.99999999392252903 0.99999999392252903 0.99999999392252903 0.99999999392252903 1.0000000028043132 1.0000000028043132 1.0000000028043132 0 0 0 0 0 0 0
 -2.8473946311891041 -2.2264210564060249 -1.2182644582026114 5.3290705182007514e-08 1.218264573665806 2.2264210897127157 2.8473946489526725 0.38736404306405348 0.83845250742342614 1.1464517868375879 1.2554634487571548 1.1464517202242064 0.83845246745539725 0.38736402085959298
 8.1076561997406316 4.9569506899160842 1.4841682371979914 0 1.4841685924693593 4.9569508320246314 8.1076562707949051 -2.2059565907284195 -3.7334965696800282 -2.793362838815483 2.8421709430404007e-07 2.7933631230325773 3.7334965696800282 2.205956519674146
 -23.085696625457786 -11.036259408570004 -1.8081094310673507 0 1.8081099995015393 11.036259941477056 23.085697158364837 9.4218431456738472 12.468502674778392 5.1045817173189789 0 5.1045832449858608 12.46850358072038 9.4218433766002363
 65.734088536828494 24.571360199843184 2.2027553825409996 0 2.2027563773008296 24.57136190514575 65.734090668456702 -35.770273427715438 -37.013515026274035 -8.2916403698618524 0 8.2916442067926255 37.013520000073186 35.770275843560739
 -187.17089091069283 -54.706193850506679 -2.6835385824597324 0 2.6835400035452039 54.706198397980188 187.1708977319031 127.31510310004523 103.00958365405677 12.626762782019796 0 12.626771024315531 103.00960425979611 127.3151171687914
 532.94938879844267 121.79902341813431 3.2692605600459501 0 3.2692628337827045 121.79903478681808 532.94941380954697 -435.01960135472473 -275.21123911355971 -18.459281818650197 0 18.459300008544233 275.21131414687261 435.01966842995898
 -1517.5172256931546 -271.17590661873692 -3.9828228182159364 0 3.9828250919526909 271.17593845105148 1517.5173075476778 1445.1178640229045 714.85876787846792 26.236334633722436 0 26.236361918563489 714.85899866274849 1445.1181471031305
 4320.9704017499462 603.7517414370086 4.852126949117519 0 4.8521360440645367 603.75182329153176 4320.9706655034097 -4702.6523134263698 -1818.9446564065292 -36.528908822219819 0 36.52894520200789 1818.9453476225026 4702.653432104853
 -12303.507901378907 -1344.2055933410302 -5.9111789596499875 0 5.9111880545970052 1344.2058025248116 12303.508756303927 15064.095041452674 4555.953664748813 50.064600145560689 0 50.064663810189813 4555.955692921998 15064.099270603037
 35032.942323596217 2992.7676223451272 7.2013790486380458 0 7.2013790486380458 2992.7681316621602 35032.945015700534 -47659.358388045803 -11270.523245912045 -67.768778535537422 0 67.768924054689705 11270.52899391856 47659.373813075945
 -99752.611859003082 -6663.1608933676034 -8.7732041720300913 0 8.7731314124539495 6663.1621302803978 99752.620153594762 149275.4984064959 27602.222617133521 90.816392912529409 0 90.816465672105551 27602.238333201967 149275.55319445673
 284035.05100868642 14835.0017843768 10.688090696930885 0 10.688090696930885 14835.004694759846 284035.07691109553 -463686.81243620813 -67040.910653304309 -120.69620424881577 0 120.69649528712034 67040.953144896775 463687.00277525932
 -808759.87827312201 -33028.959878720343 -13.020471669733524 0 13.021053746342659 33028.966863639653 808759.95859969407 1430324.2601454258 161699.73241630942 159.29341316223145 0 159.29399523884058 161699.84417501837 1430324.9068325385


# name: s
# type: matrix
# rows: 14
# columns: 1
 0.0011164732988538895
 0.00064647711520513884
 -0.00096689934226899983
 -0.0015922378778796644
 -0.00096682774182151271
 0.00064651681613915374
 0.0011164973632715031
 8.952478050276537e-05
 0.001845432657752094
 0.00073485178299084839
 -5.5954837832644244e-08
 -0.00073497140387098435
 -0.0018454699552791992
 -8.9546739264438673e-05


# name: w
# type: matrix
# rows: 1
# columns: 7
 0.38736404556939708 0.83845250790230197 1.1464517894853268 1.2554634510252995 1.1464517174255697 0.8384524669369865 0.38736402201655928


# name: t
# type: matrix
# rows: 1
# columns: 7
 -2.847394628364659 -2.2264210524969954 -1.2182644517669232 5.6628551105421042e-08 1.2182645722583689 2.2264210899945547 2.8473946501601546


# name: erro
# type: scalar
0.0018454699552791992


# name: tol
# type: scalar
9.9999999999999995e-08


# name: E
# type: scalar
9.9999999999999995e-08


# name: N
# type: scalar
7


