# Created by Octave 5.2.0, Sat Mar 13 02:06:57 2021 -03 <kuroneko@kuroneko-VirtualBox>
# name: F
# type: matrix
# rows: 6
# columns: 1
 8.2479001406454699e-09
 9.9145794069350615
 1637.0565114758867
 148419.57175204533
 24104453.705811862
 5201686688.5897646


# name: J
# type: matrix
# rows: 6
# columns: 6
 1.0000000116860974 1.0000000116860974 0.99999999392252903 0 0 0
 35.820297341615515 231.72420938522009 1.2052380071736479 1.2041423502751059 0.0076794748338215868 10.788178244069968
 1283.0937021135469 53696.109216616605 1.4525994629366323 86.265472418745048 3.5590414881880861 26.004645405919291
 45960.797870066017 12442688.455339521 1.7508864402770996 4635.0821503438056 1237.0740296319127 47.012872528284788
 1646329.4252753258 2883272144.9807286 2.0861625671386719 221373.36432933807 382213.33175897598 75.548887252807617
 58972015.380859375 668123958253.86047 0 9912080.7647705078 110710105.89599609 114.44091796875


# name: s
# type: matrix
# rows: 6
# columns: 1
 -0.59125798937561935
 -0.0071811914799539203
 0.59843918323889034
 -6.1569832504893016
 -2.780817770971816
 1.8207421962420642


# name: w
# type: matrix
# rows: 1
# columns: 3
 1.2041423267019378 0.0076794770789983396 10.788178204466975


# name: t
# type: matrix
# rows: 1
# columns: 3
 35.820297328946069 231.72420938769386 1.205238014892748


# name: erro
# type: scalar
6.1569832504893016


# name: tol
# type: scalar
9.9999999999999995e-08


# name: E
# type: scalar
9.9999999999999995e-08


# name: N
# type: scalar
3


