# Created by Octave 5.2.0, Fri Mar 12 23:59:29 2021 -03 <caio@xubuntu>
# name: F
# type: matrix
# rows: 12
# columns: 1
 0
 3.0751142647902907e-10
 -4.1079254501696916e-05
 1.893747374626803e-09
 -7.6780369363704803e-05
 3.2900216804382376e-09
 -9.3880820354330652e-05
 4.4395741028747937e-09
 -9.2480369680986163e-05
 5.3263316357292367e-09
 -7.5742558148517158e-05
 5.9911971278178711e-09


# name: J
# type: matrix
# rows: 12
# columns: 12
 0.99999999836342113 0.99999999836342113 0.99999999836342113 0.99999999836342113 0.99999999836342113 0.99999999836342113 0 0 0 0 0 0
 -0.93257209954344944 -0.66149767219414457 -0.23871993937163438 0.23871994492274951 0.66149767746770394 0.93257210842523364 0.17100195037755839 0.36088876997908415 0.46810928355789372 0.46810928244767069 0.36088876942397263 0.171001943993776
 0.86969072166098726 0.43757917178588457 0.056987210506065367 0.056987212726511416 0.43757917733699969 0.86969073831433263 -0.31894327845449766 -0.47745412512512075 -0.22349399220189525 0.22349409212196747 0.47745420284073248 0.31894330509985025
 -0.81104930105269091 -0.2894576034417895 -0.01360398321770262 0.013603984327925644 0.28945760954801614 0.81104932520004169 0.44615638017386772 0.47375215361800116 0.080028691729072676 0.080028762783346252 0.47375230460833251 0.44615646843659817
 0.75636194973860427 0.19147553098619596 0.0032475422351296857 0.0032475422351296857 0.19147553653731109 0.75636197971462593 -0.55476395921516541 -0.41784789739374162 -0.025472587372732391 0.02547262067942313 0.41784809723388605 0.5547641346304033
 -0.70536205126758844 -0.12666061810495677 -0.00077525319497340206 0.0007752529174176459 0.12666062282340462 0.70536208582328008 0.64669670368777687 0.34550673905231477 0.0076010164828943516 0.0076010298055706471 0.34550695832136213 0.64669698318642332
 0.65780096925038833 0.083785704485528356 0.00018506862708989047 0.00018506862708989047 0.08378570781619743 0.65780100755308268 -0.72370952397537991 -0.27426226345550475 -0.0021774165803734036 0.0021774215763770144 0.27426248105921758 0.72370992199033424
 -0.61344683069397554 -0.055424048267527226 -4.4179521152543089e-05 4.4179521152543089e-05 0.055424051043084788 0.6134468727436726 0.78739648676218188 0.21166114139159475 0.0006064247715098503 0.00060642629806650916 0.21166134275829585 0.78739701134256102
 0.57208339898640048 0.036662879121518444 1.0546563622426675e-05 1.0546563622426675e-05 0.036662881064408737 0.57208344395043298 -0.83920452031982506 -0.16001524771880327 -0.00016544654535266545 0.00016544710046417777 0.16001542535448721 0.83920517757185564
 -0.53350901613180568 -0.024252408969971384 -2.5174307083375425e-06 2.5177082640936987e-06 0.024252410774083799 0.53350906331628423 0.88044601470604889 0.119080919291914 4.4432513224279546e-05 4.4432513224279546e-05 0.11908107028224535 0.88044680685017696
 0.4975356232561623 0.016042911998859211 6.0118576783452227e-07 6.0118576783452227e-07 0.016042913386637991 0.49753567210597538 -0.91231038223948957 -0.087524161251906207 -1.1785572517908349e-05 1.1785572517908349e-05 0.087524286151996478 0.91231131038593816
 -0.4639878409262721 -0.01061234905508357 -1.4349632593280148e-07 1.4335754805472334e-07 0.010612349887750838 0.46398789074753033 0.9358746792809125 0.063686727003187116 3.0947466811426239e-06 3.0947466811426239e-06 0.063686827894704479 0.93587574079290192


# name: s
# type: matrix
# rows: 12
# columns: 1
 0.00032766116218304415
 -0.00012969407739482435
 -0.00019797022212264553
 -0.00019796908008741843
 -0.00012969473831090538
 0.00032766695573274956
 0.00010686758842129362
 0.00029215447838976577
 0.00010208491883830496
 -0.00010209030916916226
 -0.00029215866797657595
 -0.00010687643447705511


# name: w
# type: matrix
# rows: 1
# columns: 6
 0.17100195034912602 0.36088876947503723 0.46810928376436584 0.46810928254505441 0.36088876968076883 0.17100194418564899


# name: t
# type: matrix
# rows: 1
# columns: 6
 -0.93257209943819208 -0.66149767269935311 -0.23871993912524436 0.23871994534875951 0.66149767751037547 0.9325721085658778


# name: erro
# type: scalar
0.00032766695573274956


# name: tol
# type: scalar
9.9999999999999995e-08


# name: E
# type: scalar
9.9999999999999995e-08


# name: N
# type: scalar
6


