# Created by Octave 5.2.0, Sat Mar 13 02:06:57 2021 -03 <kuroneko@kuroneko-VirtualBox>
# name: F
# type: matrix
# rows: 6
# columns: 1
 -1.9059607225813124e-08
 -13.54920156039568
 -217.16463894378796
 -1332.2944564434881
 116748.31806437703
 25675275.725642469


# name: J
# type: matrix
# rows: 6
# columns: 6
 0.99999999392252903 0.99999999392252903 0.99999999392252903 0 0 0
 5.6722038266343588 191.92697244818646 2.3821765182674426 1.7768483218105757 9.9191765912109986e-05 10.223052484548134
 32.17389632936829 36835.962763461794 5.6747651910882269 20.157292226485879 0.038073721952969208 48.706232860240561
 182.49689674121328 7069814.8113706345 13.518292689695954 171.50440498880926 10.960984582197852 174.04027175871306
 1035.1595119573176 1356888152.7046325 32.203097362071276 1297.077105846256 2804.9451066181064 552.79291700571775
 5871.6535568237305 260423435135.63275 76.703727245330811 9196.6241598129272 672930.81432580948 1646.0567712783813


# name: s
# type: matrix
# rows: 6
# columns: 1
 6.180739518297
 -8.9474173290000558e-05
 -6.1806500250628895
 7.6175326463662403
 -3.6804789253628205
 -1.9860482941572941


# name: w
# type: matrix
# rows: 1
# columns: 3
 1.7768483356833906 9.9187364468038741e-05 10.223052457892544


# name: t
# type: matrix
# rows: 1
# columns: 3
 5.6722038083028821 191.92697247487496 2.3821765478463202


# name: erro
# type: scalar
7.6175326463662403


# name: tol
# type: scalar
9.9999999999999995e-08


# name: E
# type: scalar
9.9999999999999995e-08


# name: N
# type: scalar
3


