# Created by Octave 5.2.0, Sat Mar 13 00:09:43 2021 -03 <kuroneko@kuroneko-VirtualBox>
# name: F
# type: matrix
# rows: 8
# columns: 1
 0
 -2.2309660629299399e-11
 7.1693576320086549e-07
 -9.1294814590081597e-12
 6.2236112652325204e-07
 -5.811619761819653e-11
 5.6003960585693235e-07
 -9.9675054234665827e-11


# name: J
# type: matrix
# rows: 8
# columns: 8
 0.99999999836342113 0.99999999836342113 0.99999999836342113 0.99999999836342113 0 0 0 0
 -0.86113473796167739 -0.33998027504367201 0.3399802744885605 0.86113473740656588 0.34785693547867425 0.65214306399496991 0.65214306343985839 0.34785693658889727
 0.74155303564360509 0.11558658807864219 0.11558658807864219 0.74155303564360509 -0.59910334804236243 -0.44343149152581418 0.44343162142190806 0.59910341798641298
 -0.63857707899295235 -0.039297159970530515 0.039297159692974759 0.6385770787153966 0.77386301117199352 0.22613690725536983 0.22613703992702128 0.77386319130567927
 0.54990090536666258 0.013360259010219977 0.013360259010219977 0.54990090481155107 -0.88853370938668519 -0.10250943593970163 0.10250952586776663 0.88853401913890906
 -0.47353877180578152 -0.0045422246519599696 0.0045422246519599696 0.47353877125067001 0.95643399811162766 0.043563976315219577 0.04356402738547871 0.95643444247839327
 0.40778068643998466 0.0015442669365484107 0.0015442669365484107 0.40778068588487315 -0.98834219031118664 -0.017773068572424222 0.017773095217776813 0.98834276429649037
 -0.35115411398112251 -0.00052502016623101611 0.00052502030500889418 0.35115411328723312 0.99294503397295841 0.0070495738413445252 0.0070495861925756742 0.99294572522556912


# name: s
# type: matrix
# rows: 8
# columns: 1
 -2.2725619653919076e-07
 2.2726612304618719e-07
 2.2759131179332741e-07
 -2.2760123830032381e-07
 1.8569872077743682e-07
 2.367072629450845e-07
 -2.3650481113307286e-07
 -1.8547779122482692e-07


# name: w
# type: matrix
# rows: 1
# columns: 4
 0.34785693617982777 0.65214306381054166 0.65214306348511308 0.34785693652451871


# name: t
# type: matrix
# rows: 1
# columns: 4
 -0.86113473750471436 -0.33998027515534385 0.3399802749533456 0.86113473728403778


# name: erro
# type: scalar
2.367072629450845e-07


# name: tol
# type: scalar
9.9999999999999995e-08


# name: E
# type: scalar
9.9999999999999995e-08


# name: N
# type: scalar
4


