# Created by Octave 5.2.0, Sat Mar 13 00:10:11 2021 -03 <kuroneko@kuroneko-VirtualBox>
# name: F
# type: matrix
# rows: 14
# columns: 1
 3.6861624863604447e-11
 1.4940716931872988e-09
 -0.0001245456195160255
 4.9396953129450527e-09
 -7.8548918075016516e-05
 5.130875663575396e-09
 -0.00010078383427714055
 6.5077384093538415e-09
 -0.00014278879838636183
 7.9847987349661309e-09
 -0.00017979840358289811
 9.2566546016845108e-09
 -0.00020243722951998611
 1.0267988840260978e-08


# name: J
# type: matrix
# rows: 14
# columns: 14
 0.99999999836342113 0.99999999836342113 0.99999999836342113 0.99999999836342113 0.99999999836342113 0.99999999836342113 0.99999999836342113 0 0 0 0 0 0 0
 -0.94913153891873492 -0.74214035361563901 -0.40608816143095083 -1.3877787807814457e-08 0.40608817308829259 0.74214035555852931 0.94913155390674575 0.12912134916831519 0.27948416359002692 0.38215057951429543 0.41848780996112112 0.38215058839607963 0.27948416775336327 0.12912134167430978
 0.90085067849798861 0.55077230332045701 0.16490759424669932 0 0.16490760312848352 0.55077230665112609 0.90085070736378725 -0.24510627527618567 -0.41483292467781041 -0.31037361458707835 2.9976021664879227e-08 0.31037370673558939 0.41483298685029979 0.24510629303975406
 -0.85502579016960567 -0.40875035245413471 -0.066967021927766268 0 0.066967027756437147 0.40875035606235954 0.85502583097030183 0.3489571270831604 0.46179634838328099 0.18905855214690348 0 0.18905866067120414 0.46179648230393333 0.34895719272509673
 0.8115319438672941 0.30335013168070191 0.027194514418127369 0 0.027194517748796443 0.30335013445625947 0.81153199549266475 -0.44160826329076031 -0.45695690897851193 -0.10236590741730112 0 0.10236599345958552 0.45695710437776427 0.44160840040330385
 -0.77025056305357609 -0.22512837399846219 -0.011043370384822282 0 0.011043372050156819 0.22512837677401976 0.77025062411584244 0.52393038518783186 0.42390767424071996 0.051961972225011976 0 0.051962030789276525 0.4239079139101154 0.52393061139577313
 0.73106910192244356 0.16707685068784173 0.0044845821500771876 0 0.0044845827051886999 0.16707685346339929 0.7310691713113826 -0.59673459229525605 -0.37751876458269606 -0.025321367225217273 0 0.025321402197242548 0.37751902937088744 0.59673492147638285
 -0.69388074230847252 -0.12399447330002644 -0.0018211357422082131 0 0.0018211360197639692 0.12399447552047249 0.6938808190526391 0.66077619043092284 0.32686720524699453 0.011996490467680587 0 0.01199651045169503 0.32686747988841525 0.66077663576913359
 0.65858409670216389 0.092021302244837955 0.00073954176116330927 0 0.00073954176116330927 0.092021304187728248 0.65858417996889074 -0.71675827356676436 -0.27723580209304544 -0.0055675794530252176 0 0.0055675905552554639 0.2772360732650192 0.7167588436662875
 -0.62508293735552556 -0.06829272175545853 -0.00030031907516381295 0 0.00030031921394169103 0.068292723420793067 0.62508302603458965 0.76533507836762382 0.23146634525739174 0.0025435438477661165 0 0.0025435495376591177 0.23146660338424496 0.76533577961224175
 0.59328593038365796 0.05068278491338063 0.00012195605636478035 0 0.00012195605636478035 0.05068278630115941 0.59328602364239202 -0.80711513583686667 -0.19086722619077179 -0.0011476697370227384 0 0.0011476727901360562 0.19086746544383359 0.80711597294502724
 -0.56310638790746381 -0.037613739761743759 -4.9524828682478983e-05 0 4.9524828682478983e-05 0.037613740871966783 0.56310648560708998 0.84266422992196333 0.15581528747810047 0.00051266074718725463 0 0.00051266199618815733 0.15581550397159027 0.84266520594677985
 0.53446203268636694 0.027914674183282528 2.0111412535328554e-05 0 2.0111412535328554e-05 0.027914675015949797 0.53446213371666218 -0.87250816904749229 -0.12614924160825325 -0.00022711138525366437 0 0.00022711194036517668 0.12614943423194802 0.8725092856542993
 -0.5072747716328152 -0.020716606208281974 -8.1669393470207297e-06 0 8.1670781248988078e-06 0.020716606763393486 0.50727487557744588 0.8971353926412462 0.10142213943686862 9.9912855766604025e-05 0 9.991327210023826e-05 0.10142230832954624 0.8971366492749322


# name: s
# type: matrix
# rows: 14
# columns: 1
 0.0003721573911787557
 0.00021549852956074115
 -0.00032228261729479499
 -0.00053073838505202304
 -0.00032229174668274292
 0.00021549246767406949
 0.00037216432375436969
 2.9837662711517762e-05
 0.0006151470608624528
 0.00024496143070030314
 1.5008512329189216e-08
 -0.00024497164498181765
 -0.0006151481915617795
 -2.9852644401489768e-05


# name: w
# type: matrix
# rows: 1
# columns: 7
 0.12912134871151498 0.27948416351940891 0.38215057970165595 0.41848780983906131 0.38215058841534844 0.27948416797886488 0.12912134187100835


# name: t
# type: matrix
# rows: 1
# columns: 7
 -0.94913153891847934 -0.74214035365633957 -0.40608816108514895 -1.4072958161555338e-08 0.40608817298140104 0.74214035561175529 0.94913155390621606


# name: erro
# type: scalar
0.0006151481915617795


# name: tol
# type: scalar
9.9999999999999995e-08


# name: E
# type: scalar
9.9999999999999995e-08


# name: N
# type: scalar
7


