# Created by Octave 5.2.0, Sat Mar 13 02:06:57 2021 -03 <kuroneko@kuroneko-VirtualBox>
# name: F
# type: matrix
# rows: 6
# columns: 1
 1.0631216795786713e-08
 4.7499386738778924
 333.66443119821923
 19795.929571378889
 1824431.3198587818
 327326520.22967845


# name: J
# type: matrix
# rows: 6
# columns: 6
 0.99999999392252903 1.0000000116860974 0.99999999392252903 0 0 0
 29.663314080607961 228.9433916047301 3.0259801775400774 0.6128843210717605 0.00049823256631498225 11.386617373432273
 879.91220198091469 52415.076564784613 9.1565561888273805 36.36036126408726 0.22815925149188843 68.911358539480716
 26101.111980096903 12000085.400613898 27.707574190571904 1617.8532314370386 78.35304131731391 312.78661481337622
 774245.48333510756 2747340251.3097973 83.842314779758453 63987.851608544588 23917.879443615675 1261.9816698133945
 22966687.083244324 628985395060.18164 253.91578674316406 2372614.7413253784 6844800.1146316528 4773.1399536132812


# name: s
# type: matrix
# rows: 6
# columns: 1
 0.090866969650434906
 -0.00026236884580660777
 -0.090604611431226126
 -10.763286380066248
 -20.28545650303505
 -0.044294315461372441


# name: w
# type: matrix
# rows: 1
# columns: 3
 0.61288433732631842 0.00049828559904441933 11.386617387705865


# name: t
# type: matrix
# rows: 1
# columns: 3
 29.663314078456768 228.94339161672204 3.0259802111348124


# name: erro
# type: scalar
20.28545650303505


# name: tol
# type: scalar
9.9999999999999995e-08


# name: E
# type: scalar
9.9999999999999995e-08


# name: N
# type: scalar
3


