# Created by Octave 5.2.0, Sat Mar 13 02:06:57 2021 -03 <kuroneko@kuroneko-VirtualBox>
# name: F
# type: matrix
# rows: 6
# columns: 1
 -2.1316282072803006e-14
 2452.0057955658349
 31407185.469522204
 402761087208.43707
 5164951365141871
 6.6234607815034266e+19


# name: J
# type: matrix
# rows: 6
# columns: 6
 1.0000000116860974 1.0000000116860974 0.99999999392252903 0 0 0
 10.404505701444577 12823.858951378497 2.4380551622016355 2.7734949981095269 0.19098024495178834 9.0355251813889481
 108.25693607330322 164451358.50459337 5.9604644775390625 57.741999626159668 4898.2724547386169 44.070184230804443
 1220.703125 2108901026611.3281 0 1220.703125 94222412.109375 0
 0 27044249310000000 0 0 1611050000000 0
 0 3.4681163866112e+20 0 0 25824952320000000 0


# name: s
# type: matrix
# rows: 6
# columns: 1
 -6.2143285520757583e-18
 -0.19098150235960903
 -3.7233542926972315e-21
 -6.2142987187334699e-18
 -1.0739886933863882e-06
 -2.6242638148091168e-23


# name: w
# type: matrix
# rows: 1
# columns: 3
 2.7734942191810941 0.19098150242016165 9.035524278398734


# name: t
# type: matrix
# rows: 1
# columns: 3
 10.404503653816459 12823.858954842086 2.4380560695526814


# name: erro
# type: scalar
0.19098150235960903


# name: tol
# type: scalar
9.9999999999999995e-08


# name: E
# type: scalar
9.9999999999999995e-08


# name: N
# type: scalar
3


