# Created by Octave 5.2.0, Sat Mar 13 00:25:56 2021 -03 <caio@xubuntu>
# name: F
# type: matrix
# rows: 2
# columns: 1
 3.2731577448430471e-09
 2.480654574706624e-16


# name: J
# type: matrix
# rows: 2
# columns: 2
 1.0000000028043132 0
 1.2403272930387292e-16 4.0000000032731604


# name: s
# type: matrix
# rows: 2
# columns: 1
 -3.2731577356640877e-09
 -6.2016364215423555e-17


# name: w
# type: scalar
4.0000000032731604


# name: t
# type: scalar
1.2403272853234171e-16


# name: erro
# type: scalar
3.2731577356640877e-09


# name: tol
# type: scalar
9.9999999999999995e-08


# name: E
# type: scalar
9.9999999999999995e-08


# name: N
# type: scalar
1


