# Created by Octave 5.2.0, Sat Mar 13 00:28:05 2021 -03 <caio@xubuntu>
# name: F
# type: matrix
# rows: 4
# columns: 1
 0
 1.960237527853792e-16
 1.4299672557172016e-13
 2.623526396128284e-13


# name: J
# type: matrix
# rows: 4
# columns: 4
 1.0000000028043132 1.0000000028043132 0 0
 -1.1546999623135434 1.1546999578726513 2.0000000011677344 2.0000000011677344
 1.3333320048047881 1.3333320048047881 -4.618799636091353 4.6188000535352103
 -1.5395984087618331 1.539598404320941 7.9999913138451006 7.9999926949625433


# name: s
# type: matrix
# rows: 4
# columns: 1
 -4.2473498729044633e-14
 4.2473498729044646e-14
 -9.0912233149503164e-15
 -4.0050935820191961e-14


# name: w
# type: matrix
# rows: 1
# columns: 2
 2.000000000000044 1.9999999999999587


# name: t
# type: matrix
# rows: 1
# columns: 2
 -1.1546999610288282 1.1546999610288775


# name: erro
# type: scalar
4.2473498729044646e-14


# name: tol
# type: scalar
9.9999999999999995e-08


# name: E
# type: scalar
9.9999999999999995e-08


# name: N
# type: scalar
2


