# Created by Octave 5.2.0, Sat Mar 13 00:28:25 2021 -03 <caio@xubuntu>
# name: F
# type: matrix
# rows: 10
# columns: 1
 -8.8817841970012523e-16
 -3.3566899260151217e-15
 2.8426150322502508e-11
 -1.3097231632563933e-12
 -8.780531857155438e-12
 -8.6307627711335044e-12
 -3.8711078786946018e-10
 -4.4816039768136307e-11
 -2.1372130731833749e-09
 -2.2537394173127723e-10


# name: J
# type: matrix
# rows: 10
# columns: 10
 1.0000000028043132 1.0000000028043132 1.0000000028043132 0.99999999392252903 1.0000000028043132 0 0 0 0 0
 -1.8123540068692989 -1.0769337399629819 0 1.0769337399629819 1.812354007979522 0.4738603953668985 0.95725337212471118 1.1377724695726954 0.95725337212471118 0.47386039425667548
 3.2846270503483765 1.1597862847878559 0 1.1597862759060718 3.2846270503483765 -1.7176055244760846 -2.0617968132796705 1.1546319456101628e-07 2.0617969997971386 1.7176056221757108
 -5.9529070028929709 -1.249012981929809 0 1.2490129774889169 5.9529069984520788 4.6693637489880757 3.3306276758793274 0 3.3306282976042212 4.6693642730133433
 10.788774851278049 1.3451042057965878 0 1.3451042235601562 10.788774851278049 -11.283386527338735 -4.7824869042756291 0 4.7824882010161218 11.283388374749848
 -19.553079368961335 -1.4485881116854671 0 1.4485881116854671 19.553079368961335 25.561862777578881 6.4380265563102057 0 6.4380289543919389 25.56186842639363
 35.43710178632864 1.5600335245835595 0 1.5600334535292859 35.43710178632864 -55.592571754914388 -8.3199931566468877 0 8.3199971356862079 55.592587173691754
 -64.224573392834827 -1.6800526481119959 0 1.6800526125848592 64.224573428361964 117.54565377941617 10.453427918832858 0 10.453433709756155 117.54569271715809
 116.39766313464861 1.8093054166001821 0 1.8093054166001821 116.39766299254006 -243.4678067686491 -12.865884144730444 0 12.865892529134726 243.46790084450731
 -210.95377121582715 -1.9485020175125101 0 1.9485018754039629 210.95377121582715 496.40607358014677 15.587667121508275 0 15.587678632300594 496.40629299574357


# name: s
# type: matrix
# rows: 10
# columns: 1
 4.5459969358460334e-12
 9.6655688092517224e-14
 -6.9486595414059684e-12
 -8.4532739705952066e-13
 3.1522224854361406e-12
 -2.8815772023262208e-12
 1.6552115767544648e-11
 1.1477087328076609e-12
 -1.4705254058959189e-11
 3.8735925182334676e-12


# name: w
# type: matrix
# rows: 1
# columns: 5
 0.47386039485864251 0.95725337108237374 1.1377724681156318 0.95725337108331654 0.47386039486003717


# name: t
# type: matrix
# rows: 1
# columns: 5
 -1.8123540081088292 -1.0769337410678548 -1.148456698197646e-12 1.0769337410660067 1.8123540081078369


# name: erro
# type: scalar
1.6552115767544648e-11


# name: tol
# type: scalar
9.9999999999999995e-08


# name: E
# type: scalar
9.9999999999999995e-08


# name: N
# type: scalar
5


