# Created by Octave 5.2.0, Sat Mar 13 00:28:30 2021 -03 <caio@xubuntu>
# name: F
# type: matrix
# rows: 12
# columns: 1
 -8.8817841970012523e-16
 -4.7011006198971472e-16
 -1.9797496975115791e-12
 4.453173940710542e-13
 -5.1141313406333211e-12
 1.3754553052081064e-12
 1.4281908988778014e-12
 2.3236967905404526e-13
 5.7653437579574529e-11
 -2.5626167854397863e-11
 3.3185187930939719e-10
 -2.0824941771024896e-10


# name: J
# type: matrix
# rows: 12
# columns: 12
 1.0000000028043132 1.0000000028043132 1.0000000028043132 1.0000000028043132 1.0000000028043132 1.0000000028043132 0 0 0 0 0 0
 -1.8649307387264003 -1.3224102968223406 -0.47723520246734097 0.47723520024689492 1.3224102990427866 1.8649307376161772 0.34265912329800585 0.72151918661944592 0.93582168680939048 0.93582168902983653 0.72151918661944592 0.34265912440822888
 3.4779666524542563 1.7487689962791819 0.22775343389014324 0.22775344277192744 1.7487689962791819 3.4779666613360405 -1.2780710356707914 -1.9082887359189726 -0.89321400942310447 0.89321419594057261 1.9082888780275198 1.278071106725065
 -6.4861669191174087 -2.312590137165671 -0.10869195321561165 0.10869196209739584 2.312590137165671 6.4861669235583008 3.575270834943467 3.7853108736385366 0.63940968075826277 0.63940995609357287 3.7853114509545094 3.5752712213010795
 12.096252071103208 3.0581930232642662 0.051871609230147442 0.051871609230147442 3.0581930232642662 12.096252035576072 -8.8901763817261781 -6.6743118765089093 -0.40686504831910497 0.40686529700906249 6.6743133686486544 8.890177820575218
 -22.558672263528479 -4.0441859283646409 -0.024754971406082404 0.02475495364251401 4.0441859372464251 22.558672272410263 20.724453477782845 11.032723019610557 0.2427128720228211 0.24271306742207344 11.032726350279631 20.724457927556728
 42.070361345736274 5.3480731310173724 0.011813980904662458 0.011813909850388882 5.3480731310173724 42.070361345736274 -46.379603091395438 -17.507743166333967 -0.13899736472922086 0.13899750683776801 17.507749774381409 46.379615596947588
 -78.458309928919334 -7.0723470102507235 -0.005638014499709243 0.005638014499709243 7.0723470102507235 78.458309928919334 100.91053596283928 27.011155516731833 0.077390147623646044 0.07739021867791962 27.011167809121162 100.9105684346423
 146.31931378517038 9.3525443389808061 0.0026905411232291954 0.0026906832317763474 9.3525443389808061 146.31931378517038 -215.07560603595266 -40.822661730999243 -0.0422096491092816 0.042209507000734448 40.822683047281316 215.0756866114989
 -272.87538571840741 -12.367901121024261 -0.0012840928320656531 0.0012840928320656531 12.367901121024261 272.87538571840741 451.23873505303891 60.732344451253084 0.022661765797238331 0.022661907905785483 60.732381115258249 451.23892860488013
 508.89369447304489 16.355439811377437 0.0006127720553195104 0.0006127720553195104 16.355439811377437 508.89369447304489 -935.03218238311092 -89.236749545307248 -0.012016698747174814 0.012016698747174814 89.236810367765429 935.03263371985668
 -949.05149353508023 -21.628602553391829 -0.00029274360713316128 0.00029274360713316128 21.628601984957641 949.05149296664604 1918.1472305263014 129.80835151665815 0.0063084826251724735 0.0063084826251724735 129.80844928733859 1918.148259960617


# name: s
# type: matrix
# rows: 12
# columns: 1
 2.0196314555086696e-13
 9.8395689594255612e-13
 -1.1675402301181197e-12
 -1.0278894832133139e-12
 1.6163465695107462e-12
 -6.0594871925552653e-13
 3.6499816766637948e-13
 -1.9485444454246852e-13
 1.113938119982619e-12
 -9.5109475164985076e-13
 5.9598508906927215e-13
 1.0902713886572105e-13


# name: w
# type: matrix
# rows: 1
# columns: 6
 0.34265912432679829 0.72151918667026482 0.93582168900290175 0.93582168900277418 0.7215191866696492 0.34265912432761381


# name: t
# type: matrix
# rows: 1
# columns: 6
 -1.8649307374193596 -1.3224102991426756 -0.47723520014857301 0.47723520014837806 1.3224102991422593 1.8649307374188826


# name: erro
# type: scalar
1.6163465695107462e-12


# name: tol
# type: scalar
9.9999999999999995e-08


# name: E
# type: scalar
9.9999999999999995e-08


# name: N
# type: scalar
6


