# Created by Octave 5.2.0, Sat Mar 13 00:28:13 2021 -03 <caio@xubuntu>
# name: F
# type: matrix
# rows: 6
# columns: 1
 0
 -3.4220890010594474e-14
 -2.9919711153070239e-09
 1.5583874468649839e-11
 -9.3617753549324334e-09
 1.2586076625353826e-10


# name: J
# type: matrix
# rows: 6
# columns: 6
 1.0000000028043132 1.0000000028043132 1.0000000028043132 0 0 0
 -1.5491915306142801 0 1.5491915306142801 1.1111125930440835 1.7777748162473017 1.1111125930440835
 2.3999943987718098 0 2.3999943987718098 -3.4426523232156114 1.7763568394002505e-07 3.4426525452602164
 -3.7180510048528959 0 3.7180510048528959 7.9999914781581083 0 7.9999925173268593
 5.7599731206892102 0 5.7599731206892102 -16.524691552888271 0 16.524694714803445
 -8.9233015820866513 0 8.9233015820866513 31.999889191780539 0 31.999897469603411


# name: s
# type: matrix
# rows: 6
# columns: 1
 4.2866030574115694e-10
 -8.679992751461478e-10
 4.393389694049907e-10
 -1.3544350714273303e-10
 -4.9669910057072625e-12
 1.2853252175576333e-10


# name: w
# type: matrix
# rows: 1
# columns: 3
 1.1111125921673883 1.777774815675905 1.1111125921567095


# name: t
# type: matrix
# rows: 1
# columns: 3
 -1.5491915309542408 4.9672103506845796e-12 1.5491915309611519


# name: erro
# type: scalar
8.679992751461478e-10


# name: tol
# type: scalar
9.9999999999999995e-08


# name: E
# type: scalar
9.9999999999999995e-08


# name: N
# type: scalar
3


