# Created by Octave 5.2.0, Sat Mar 13 00:28:19 2021 -03 <caio@xubuntu>
# name: F
# type: matrix
# rows: 8
# columns: 1
 0
 -1.35828848168984e-15
 1.3455903058456897e-12
 5.2347709500466522e-13
 1.1391776411073806e-11
 3.0292435226897396e-12
 5.7440274758846499e-11
 1.6777357281227978e-11


# name: J
# type: matrix
# rows: 8
# columns: 8
 0.99999999392252903 0.99999999392252903 1.0000000028043132 1.0000000028043132 0 0 0 0
 -1.7222691006679725 -0.67996007935278158 0.67996007935278158 1.7222691028884185 0.69571341576590839 1.3042865809609339 1.3042865809609339 0.69571341798635444
 2.9662108680383881 0.46234570838521449 0.46234571726699869 2.9662108680383881 -2.3964113715635449 -1.7737254687233417 1.7737257440586518 2.3964115314356604
 -5.1086133279198975 -0.31437662251221354 0.31437662251221354 5.1086133279198975 6.1908977411206934 1.8090936348968967 1.8090941678039485 6.1908984605452133
 8.7984069097046813 0.21376356684754683 0.21376354908397843 8.7984069097046813 -14.216522110643837 -1.6401484614902984 1.6401492075601709 14.21652461530698
 -15.15322436418387 -0.1453506826010198 0.1453506826010198 15.153224346420302 30.605845129372256 1.3940442400439679 1.3940450749316824 30.605852234799613
 26.097930145851933 0.098832657613456831 0.098832657613456831 26.097930145851933 -63.253799922335929 -1.1374732622471129 1.1374741148983958 63.253818254338512
 -44.947658714988847 -0.067202243769770575 0.067202243769770575 44.947658714988847 127.09673917754571 0.90234237859476707 0.90234316019177641 127.09678340883102


# name: s
# type: matrix
# rows: 8
# columns: 1
 1.0460047694298386e-13
 -4.0451745010964022e-13
 -1.5484726157660057e-13
 4.5476423207945939e-13
 4.425398160653937e-13
 -2.2284716668799566e-13
 -2.3384434677500033e-13
 -6.952689875943881e-13


# name: w
# type: matrix
# rows: 1
# columns: 4
 0.69571341784709484 1.3042865821532075 1.3042865821529566 0.69571341784674379


# name: t
# type: matrix
# rows: 1
# columns: 4
 -1.7222691036121101 -0.67996007689637883 0.67996007689683735 1.7222691036123632


# name: erro
# type: scalar
6.952689875943881e-13


# name: tol
# type: scalar
9.9999999999999995e-08


# name: E
# type: scalar
9.9999999999999995e-08


# name: N
# type: scalar
4


