# Created by Octave 5.2.0, Sat Mar 13 00:28:34 2021 -03 <caio@xubuntu>
# name: F
# type: matrix
# rows: 14
# columns: 1
 0
 -1.8511234212148509e-14
 -5.8202331842949206e-12
 1.2371284552337158e-12
 -1.8893153708177124e-10
 1.5832890554179357e-12
 -1.0983782772200357e-09
 -1.2035150653844084e-11
 -4.6897952188373893e-09
 -1.2837064744530835e-10
 -1.8233777154819109e-08
 -8.2068041251659452e-10
 -6.8780082074226812e-08
 -4.531912622951495e-09


# name: J
# type: matrix
# rows: 14
# columns: 14
 0.99999999392252903 0.99999999392252903 0.99999999392252903 0.99999999392252903 0.99999999392252903 0.99999999392252903 1.0000000028043132 0 0 0 0 0 0 0
 -1.8982044869275683 -1.4830496253281922 -0.81168304966183769 0 0.81168305188228373 1.4830496264384152 1.8982044869275683 0.25898419409031703 0.55940698739931349 0.76365339829465029 0.83591084720779918 0.76365339829465029 0.55940698850953652 0.25898419186987098
 3.6031802608249563 2.1994361887323066 0.65882936439720652 0 0.65882936439720652 2.1994361887323066 3.6031802785885247 -0.98320988684008626 -1.6592565987849639 -1.2396889736976391 7.9936057773011271e-08 1.2396891158061862 1.6592567053663743 0.98320994013079144
 -6.8395729613257572 -3.261873029458684 -0.53476063577306832 0 0.53476063577306832 3.261873029458684 6.8395729635462033 2.7995000451142005 3.6911396961158971 1.5093516925190897 0 1.5093520566722418 3.6911401846140279 2.799500338213079
 12.982908081937694 4.837519576028626 0.43405613325830927 0 0.43405615102187767 4.837519576028626 12.982908081937694 -7.0853645439683532 -7.2988575361421226 -1.6334868035983163 0 1.6334874075596417 7.2988590105182993 7.0853656808367305
 -24.644214384750285 -7.1742816132314147 -0.35231600747920311 0 0.35231600747920311 7.1742816132314147 24.644214384750285 16.811838001729029 13.530709495057636 1.6573418548659902 0 1.6573426542265679 13.530713145470941 16.811841554442708
 46.779758307025077 10.639815712920608 0.2859689374190566 0 0.2859689374190566 10.639815712920608 46.779758307025077 -38.294766611102204 -24.08005556731041 -1.6142834624588431 0 1.6142844572186732 24.080063667497598 38.294776700809052
 -88.797547164176649 -15.779374678004388 -0.23211619293306285 0 0.23211612187878927 15.779374642477251 88.797547164176649 84.806511893020797 41.663902266009245 1.5286674681647128 0 1.52866860503309 41.663919141399219 84.806538680481935
 168.55590246223073 23.401595683480991 0.18840466964320512 0 0.18840466964320512 23.401595683480991 168.55590232012219 -183.97725398244802 -70.616723064631515 -1.4180497487359389 0 1.4180508856043161 70.616756318031548 183.97732162611646
 -319.95357034020344 -34.705727784967166 -0.15292471289285459 0 0.15292499710994889 34.705727927075714 319.95357034020344 392.87974459512043 117.81911410935209 1.2948828498338116 0 1.2948839867021888 117.81917748976412 392.87991000946931
 607.33730265383201 51.470316293489304 0.12412670002959203 0 0.12412670002959203 51.470316861923493 607.33730265383201 -828.62897102131683 -194.14620794577786 -1.16781563974655 0 1.1678173450491158 194.1463256116549 828.62936437777535
 -1152.8503921454103 -76.333034257913823 -0.10075154932565056 0 0.10075154932565056 76.333034257913823 1152.8503927138445 1730.1979096373543 316.72129694015894 1.0426856533740647 0 1.0426879271108191 316.72151067141385 1730.1988202689245
 2188.3457884541713 113.20567864459008 0.081779489846667275 0 0.081779489846667275 113.20567864459008 2188.3457884541713 -3582.8392856274149 -512.41460141682182 -0.92326899903127924 0 0.9232735465047881 512.41498340459657 3582.8413638228085
 -4153.9277935953578 -167.88963876024354 -0.066377197072142735 0 0.066377197072142735 167.88963648650679 4153.9277958690946 7367.7082195899857 823.26428127998952 0.81185135059058666 0 0.81185362432734109 823.26494521112181 7367.7128784765955


# name: s
# type: matrix
# rows: 14
# columns: 1
 1.0471217601928957e-11
 -2.2895071368483509e-11
 3.7411717488313853e-11
 -3.5783540277817216e-11
 3.2539812931349224e-11
 -2.7125102558673525e-11
 5.3809661355896288e-12
 -2.2260018441853915e-12
 -1.0017328417846285e-11
 2.1508020090336662e-11
 7.7296859551643536e-12
 -9.6486562810079575e-12
 1.6546788919384688e-11
 5.076524217620205e-12


# name: w
# type: matrix
# rows: 1
# columns: 7
 0.25898419155051461 0.55940698813182732 0.76365339830754431 0.83591084400604776 0.76365339831240187 0.55940698813605649 0.25898419155560976


# name: t
# type: matrix
# rows: 1
# columns: 7
 -1.8982044869028165 -1.4830496273174301 -0.81168305080614345 -7.7237403074288745e-12 0.81168305079428771 1.4830496273108948 1.8982044868999639


# name: erro
# type: scalar
3.7411717488313853e-11


# name: tol
# type: scalar
9.9999999999999995e-08


# name: E
# type: scalar
9.9999999999999995e-08


# name: N
# type: scalar
7


