# Created by Octave 5.2.0, Sat Mar 13 00:41:37 2021 -03 <caio@xubuntu>
# name: F
# type: matrix
# rows: 8
# columns: 1
 -6.2172489379008766e-15
 -5.1937620870745604e-15
 4.5758952182950452e-12
 1.766670143510396e-12
 8.6487261796719395e-11
 2.3024249173886346e-11
 9.7998054116033018e-10
 2.8481217384523916e-10


# name: J
# type: matrix
# rows: 8
# columns: 8
 1.0000000028043132 1.0000000028043132 0.99999999392252903 1.0000000028043132 0 0 0 0
 -2.5834036598837429 -1.0199401145882803 1.0199401145882803 2.5834036554428508 1.0435701280897547 1.956429880323185 1.9564298714414008 1.0435701236488626
 6.6739744397636969 1.0402778372053945 1.0402778372053945 6.6739744752908337 -5.3919256615131417 -3.9908824334133897 3.9908828242118943 5.3919258746759624
 -17.241569985060323 -1.0610211020889437 1.0610211020889437 17.241569985060323 20.894280226002593 6.1056913125412393 6.1056925204638901 20.894281824723748
 44.541934869357647 1.0821779028447054 1.0821779028447054 44.541934869357647 -71.971145132465608 -8.3032523434667382 8.3032547593120398 71.97115351686989
 -115.069797459455 -1.1037566594040982 1.1037568015126453 115.06979760156355 232.41314508481992 10.586024643544079 10.586028764691946 232.4131808961738
 297.27173568971921 1.1257657206442673 1.1257657206442673 297.27173568971921 -720.50034759740811 -12.95653305533051 12.956539876540774 720.50048743221851
 -767.97288784291595 -1.1482143236207776 1.1482143236207776 767.97288784291595 2171.5670629873784 15.417367649206426 15.417376744153444 2171.5675666200696


# name: s
# type: matrix
# rows: 8
# columns: 1
 2.4736439961828491e-13
 -5.3675279726360718e-13
 -2.9118832579563732e-13
 5.8679396977503817e-13
 7.2718060214737781e-13
 -2.0784794905354432e-13
 -2.3333610810742192e-13
 -9.7537208594995654e-13


# name: w
# type: matrix
# rows: 1
# columns: 4
 1.0435701267705533 1.9564298732297372 1.9564298732294947 1.043570126770214


# name: t
# type: matrix
# rows: 1
# columns: 4
 -2.5834036554182274 -1.0199401153446972 1.0199401153451364 2.5834036554184756


# name: erro
# type: scalar
9.7537208594995654e-13


# name: tol
# type: scalar
9.9999999999999995e-08


# name: E
# type: scalar
9.9999999999999995e-08


# name: N
# type: scalar
4


