# Created by Octave 5.2.0, Sat Mar 13 00:41:47 2021 -03 <caio@xubuntu>
# name: F
# type: matrix
# rows: 12
# columns: 1
 -1.7763568394002505e-15
 -3.1953606427492787e-15
 -6.8212102632969618e-12
 1.4540313397759519e-12
 -3.8980374483799096e-11
 1.0362377622641361e-11
 2.6034285838250071e-11
 5.8246740763934213e-12
 2.2337189875543118e-09
 -9.9157659860793501e-10
 2.8830982046201825e-08
 -1.8031869331025518e-08


# name: J
# type: matrix
# rows: 12
# columns: 12
 0.99999999392252903 1.0000000028043132 1.0000000028043132 1.0000000028043132 1.0000000028043132 1.0000000028043132 0 0 0 0 0 0
 -2.7973961014282622 -1.9836154407926188 -0.71585279926011935 0.71585279926011935 1.983615449674403 2.7973961036487083 0.51398869160834693 1.0822787821496149 1.4037325346549778 1.4037325302140857 1.0822787777087228 0.51398868494700878
 7.8254250013287674 3.9347302660530659 0.51244523291416044 0.51244523291416044 3.9347302660530659 7.8254249658016306 -2.8756598169366043 -4.2936497024470555 -2.0097315811540284 2.0097319008982595 4.2936499156098762 2.8756599235180147
 -21.89081335757237 -7.8049917107136935 -0.36683537985027215 0.36683537985027215 7.8049917107136935 21.890813339808801 12.066539269994792 12.775424522715184 2.15800781688813 2.1580084563765922 12.775425801692109 12.066540122646074
 61.237276014480813 15.482102071473491 0.26260011054546339 0.26260011054546339 15.482102213582039 61.237276014480813 -45.006519115986521 -33.788705167125954 -2.059754535821412 2.0597552463641478 33.788710140925104 45.006523947677124
 -171.30491755779076 -30.710536975675495 -0.18798317569235223 0.18798289147525793 30.710536975675495 171.30491741568221 157.3763236706327 83.779744386447419 1.8431009607411397 1.8431020976095169 83.779761439473077 157.37634640800024
 479.20770953169267 60.917896007595118 0.13456883607432246 0.13456883607432246 60.917896007595118 479.20770839482429 -528.29268952336861 -199.42414951401588 -1.5832665667403489 1.5832677036087262 199.42420067309286 528.29278388344392
 -1340.5337790572958 -120.83767842341331 -0.096329131338279694 0.096331405075034127 120.83767956028169 1340.5337790572958 1724.1512000509829 461.51095148161403 1.3222847883298527 1.3222847883298527 461.51109017955605 1724.1515695332055
 3750.0039798032958 239.69549147295766 0.068957888288423419 0.068957888288423419 239.69549147295766 3750.0039798032958 -5512.1528748713899 -1046.2402588018449 -1.0817893780767918 1.0817893780767918 1046.2406316946726 5512.1542573033366
 -10490.246513654711 -475.46366658934858 -0.049358277465216815 0.049367372412234545 475.46366658934858 10490.246513654711 17347.134053125046 2334.755581614445 0.87119587988127023 0.87119587988127023 2334.7565183939878 17347.139009871171
 29345.374714466743 943.13705631066114 0.035288394428789616 0.035288394428789616 943.13705631066114 29345.374750846531 -53918.671546853147 -5145.8412781357765 -0.69296220317482948 0.69288944359868765 5145.8435336826369 53918.688863632269
 -82090.637079090811 -1870.8212883211672 -0.025247572921216488 0.025247572921216488 1870.8212883211672 82090.637079090811 165915.06697295699 11228.106886846945 0.54569682106375694 0.54562406148761511 11228.112562093884 165915.12634477112


# name: s
# type: matrix
# rows: 12
# columns: 1
 4.2890308400439839e-14
 1.5021247972730808e-12
 -1.8587526710479159e-12
 -1.5043142413013118e-12
 2.4721198275978052e-12
 -6.5229166370672241e-13
 4.0788632167949835e-13
 -5.1184139959811843e-13
 1.3310831199592722e-12
 -1.7601565856633611e-12
 6.5059657816226323e-13
 2.4427489309232295e-14


# name: w
# type: matrix
# rows: 1
# columns: 6
 0.51398868649052765 1.0822787800054596 1.4037325335043651 1.4037325335039814 1.0822787800044573 0.51398868649121288


# name: t
# type: matrix
# rows: 1
# columns: 6
 -2.7973961061288715 -1.9836154487136728 -0.71585280022239428 0.71585280022288411 1.9836154487135578 2.7973961061284429


# name: erro
# type: scalar
2.4721198275978052e-12


# name: tol
# type: scalar
9.9999999999999995e-08


# name: E
# type: scalar
9.9999999999999995e-08


# name: N
# type: scalar
6


