# Created by Octave 5.2.0, Sat Mar 13 00:41:51 2021 -03 <caio@xubuntu>
# name: F
# type: matrix
# rows: 14
# columns: 1
 -8.8817841970012523e-16
 3.8104935873306545e-14
 -1.9365842263141531e-11
 4.4596271120411757e-12
 -1.4342020904223318e-09
 1.567723728612691e-11
 -1.876856003946159e-08
 -2.2575541436253843e-10
 -1.8008540791925043e-07
 -4.8887613957049325e-09
 -1.5770310710649937e-06
 -7.0273245000862516e-08
 -1.3374228728935122e-05
 -8.7819717009551823e-07


# name: J
# type: matrix
# rows: 14
# columns: 14
 1.0000000028043132 1.0000000028043132 1.0000000028043132 1.0000000028043132 1.0000000028043132 1.0000000028043132 1.0000000028043132 0 0 0 0 0 0 0
 -2.8473067281709064 -2.2245744357718422 -1.2175245789336486 0 1.2175245744927565 2.2245744402127343 2.8473067303913524 0.38847629113547555 0.83911047887852419 1.1454800930010833 1.2538662641503606 1.1454800930010833 0.83911048109897024 0.38847628669458345
 8.1071556223832886 4.9487314512930425 1.4823660876572831 0 1.4823660876572831 4.9487314512930425 8.1071556223832886 -2.2122222631537625 -3.7333273894546437 -2.789300239669501 1.0658141036401503e-07 2.7893004528323218 3.7333275315631909 2.2122222986808993
 -23.083558744474431 -11.008821516611533 -1.8048171313012062 0 1.804817166828343 11.008821481084397 23.083558744474431 9.4483127810462975 12.457596696435758 5.0940621676431874 0 5.0940629847673335 12.457597833304135 9.4483134560618964
 65.725972149266454 24.48994280257466 2.1974092589971406 0 2.1974092589971406 24.48994280257466 65.725972149266454 -35.869658745468769 -36.950467574570212 -8.2695274272737151 0 8.2695295589019224 36.950472406260815 35.869662582399542
 -187.14200308522777 -54.479700963838695 -2.6753997417472419 0 2.6753997417472419 54.479700963838695 187.14200294311922 127.66489902560352 102.74882953353881 12.585440458678931 0 12.585444721935346 102.74884800764994 127.66491693128046
 532.85068474906438 121.1941503242997 3.2573655062151374 0 3.2573655062151374 121.1941503242997 532.85068474906438 -436.20134533739474 -274.28689804764872 -18.387698901278782 0 18.387706859357422 274.28695943854109 436.20142037070764
 -1517.1893403476133 -269.60540935760946 -3.965922132920241 0 3.965922132920241 269.60540935760946 1517.1893403476133 1448.9988348032057 711.86687705449003 26.118719915757538 0 26.118733558178064 711.86706918524578 1448.9991394839308
 4319.9034189456142 599.75730437145103 4.828607416129671 0 4.828607416129671 599.75729527650401 4319.9034189456142 -4715.1360740826931 -1809.8295186064206 -36.343071769806556 0 36.343080864753574 1809.8300824931357 4715.1372291409643
 -12300.090083954274 -1334.204771410441 -5.8789464674191549 0 5.8789555623661727 1334.204762315494 12300.090083954274 15103.618243301753 4529.3629409570713 49.779646360548213 0 49.779682740336284 4529.3645689525874 15103.622481547063
 35022.129231947474 2968.037806567736 7.1577233029529452 0 7.1577233029529452 2968.037806567736 35022.129268327262 -47782.925685169175 -11195.449769729748 -67.342189140617847 0 67.342189140617847 11195.454280823469 47782.940782781225
 -99718.744459096342 -6602.6209970004857 -8.7147054728120565 0 8.7148509919643402 6602.6211425196379 99718.744386336766 149657.90789574385 27395.622018957511 90.189860202372074 0 90.189860202372074 27395.634315325879 149657.96035539825
 283929.85230311751 14688.022201880813 10.610383469611406 0 10.610383469611406 14688.022201880813 283929.85201207921 -464860.32049870118 -66483.926202636212 -119.79078408330679 0 119.79107512161136 66483.959089964628 464860.5000693351
 -808435.37929467857 -32674.598623998463 -12.918026186525822 0 12.918608263134956 32674.598623998463 808435.37871260196 1433899.8880703002 160223.30964915454 158.00236724317074 0 158.00236724317074 160223.3957964927 1433900.4922658205


# name: s
# type: matrix
# rows: 14
# columns: 1
 2.0576795940330076e-11
 -2.8229815101409566e-11
 4.2075408748043187e-11
 -7.6123034503942648e-11
 5.1725749055033231e-11
 -2.6768983417200729e-11
 1.6744767457534355e-11
 -1.5453206696596484e-12
 -6.3081054270987338e-12
 3.8553779613399094e-11
 -4.2171839310382148e-12
 -4.060514177875666e-11
 9.3831620699622178e-12
 3.9415221085500938e-12


# name: w
# type: matrix
# rows: 1
# columns: 7
 0.3884762873206995 0.83911048219132245 1.1454800974755039 1.253866266032218 1.1454800974658665 0.83911048218986295 0.3884762873245311


# name: t
# type: matrix
# rows: 1
# columns: 7
 -2.8473067303561002 -2.2245744409852248 -1.2175245762160132 4.2087689950523075e-12 1.2175245762180575 2.22457444098215 2.8473067303537043


# name: erro
# type: scalar
7.6123034503942648e-11


# name: tol
# type: scalar
9.9999999999999995e-08


# name: E
# type: scalar
9.9999999999999995e-08


# name: N
# type: scalar
7


