# Created by Octave 5.2.0, Sat Mar 13 00:41:27 2021 -03 <caio@xubuntu>
# name: F
# type: matrix
# rows: 4
# columns: 1
 0
 1.3530843112619095e-16
 4.8316906031686813e-13
 8.8204443748907124e-13


# name: J
# type: matrix
# rows: 4
# columns: 4
 0.99999999392252903 0.99999999392252903 0 0
 -1.732049934588531 1.7320499434703152 2.9999999995311555 3.0000000084129397
 2.9999970152516653 2.9999969797245285 -10.392299358841228 10.392299962802554
 -5.1961446168036218 5.1961446168036218 26.99997144972599 26.999974576114028


# name: s
# type: matrix
# rows: 4
# columns: 1
 -4.2378852833775505e-14
 4.2378852833775474e-14
 -1.2434880941581306e-15
 -4.7736474227128735e-14


# name: w
# type: matrix
# rows: 1
# columns: 2
 3.0000000000000449 2.9999999999999605


# name: t
# type: matrix
# rows: 1
# columns: 2
 -1.7320499415432553 1.7320499415433042


# name: erro
# type: scalar
4.7736474227128735e-14


# name: tol
# type: scalar
9.9999999999999995e-08


# name: E
# type: scalar
9.9999999999999995e-08


# name: N
# type: scalar
2


