# Created by Octave 5.2.0, Sat Mar 13 00:41:33 2021 -03 <caio@xubuntu>
# name: F
# type: matrix
# rows: 6
# columns: 1
 -9.8587804586713901e-13
 -1.0289338825408834e-13
 -1.010138461765564e-08
 5.3845899961046939e-11
 -7.1092188136390178e-08
 9.5346575079702234e-10


# name: J
# type: matrix
# rows: 6
# columns: 6
 0.99999999392252903 0.99999999392252903 0.99999999392252903 0 0 0
 -2.3237873003623122 0 2.3237872959214201 1.6666688829047871 2.6666622243709526 1.6666688829047871
 5.3999873728116654 0 5.3999873728116654 -7.7459678493596584 2.4868995751603507e-07 7.7459680980496159
 -12.548422141378524 0 12.548422105851387 26.99997178723379 0 26.999974096497681
 29.159863856875745 0 29.159863856875745 -83.656253480057785 0 83.656264280307369
 -67.761321389525619 0 67.761321247417072 242.99916859149562 0 242.99921008719139


# name: s
# type: matrix
# rows: 6
# columns: 1
 6.4643416488436579e-10
 -1.3022613371590531e-09
 6.5681305032654606e-10
 -2.0118065884886453e-10
 -4.7445565317116213e-12
 1.9436269019329622e-10


# name: w
# type: matrix
# rows: 1
# columns: 3
 1.666668888247641 2.6666622235141162 1.6666688882372616


# name: t
# type: matrix
# rows: 1
# columns: 3
 -2.3237872964333453 4.7449258673217692e-12 2.3237872964401634


# name: erro
# type: scalar
1.3022613371590531e-09


# name: tol
# type: scalar
9.9999999999999995e-08


# name: E
# type: scalar
9.9999999999999995e-08


# name: N
# type: scalar
3


