# Created by Octave 5.2.0, Sat Mar 13 00:41:42 2021 -03 <caio@xubuntu>
# name: F
# type: matrix
# rows: 10
# columns: 1
 0
 -1.8960527592426502e-14
 9.5457863835690659e-11
 -4.1681380569258408e-12
 -6.6677330323727801e-11
 -6.6163075018721429e-11
 -6.6338543547317386e-09
 -7.5508133079438267e-10
 -8.2218321040272713e-08
 -8.5649389802711084e-09


# name: J
# type: matrix
# rows: 10
# columns: 10
 1.0000000116860974 1.0000000116860974 1.0000000028043132 1.0000000028043132 0.99999999392252903 0 0 0 0 0
 -2.7185310091937254 -1.6154006132751419 0 1.6154006132751419 2.7185310114141714 0.7107905908299017 1.4358800637381819 1.7066587076897122 1.4358800592972898 0.7107905908299017
 7.3904108432998328 2.6095191429931219 0 2.6095191429931219 7.3904108432998328 -3.8646124522756509 -4.6390428920517479 1.7763568394002505e-07 4.639043211795979 3.864612594384198
 -20.091061117000208 -4.2154188406584581 0 4.2154188051313213 20.091061117000208 15.759102893753152 11.240868715844954 0 11.240870154693994 15.759104083912234
 54.618172669052001 6.8095901895048883 0 6.8095900473963411 54.618172669052001 -57.122145733501384 -24.211340985402785 0 24.211345532876294 57.122151986277458
 -148.48119633370516 -11.000216062484469 0 11.000216062484469 148.48119633370516 194.11040213412889 48.888767310018011 0 48.888779389244519 194.11043084005541
 403.65073687098629 17.769756368579692 0 17.769756368579692 403.65073687098629 -633.23416611638095 -94.769931138216634 0 94.769959559926065 633.23428207695542
 -1097.3370467581844 -28.705273962259525 0 28.705273962259525 1097.3370456213161 2008.3778008483932 178.60663206192839 0 178.60669800029427 2008.378243090192
 2983.1447955075419 46.370514610316604 0 46.370523705263622 2983.1448046024889 -6239.8139743891079 -329.73857742035761 0 329.7387229395099 6239.8155932896771
 -8109.7716338263126 -74.906965892296284 0 74.906965892296284 8109.7716338263126 19083.518454863224 599.24236666120123 0 599.24266679445282 19083.524066445534


# name: s
# type: matrix
# rows: 10
# columns: 1
 6.960838777147897e-12
 5.108460419823192e-13
 -1.182961545461909e-11
 -1.0723401455626566e-12
 5.4302707629214785e-12
 -4.3835653591507916e-12
 2.5208180004710085e-11
 1.6242163748029319e-12
 -2.2958822119866199e-11
 5.4183930670869419e-12


# name: w
# type: matrix
# rows: 1
# columns: 5
 0.7107905922878035 1.4358800566232037 1.706658702174892 1.4358800566247751 0.7107905922893315


# name: t
# type: matrix
# rows: 1
# columns: 5
 -2.7185310121631905 -1.6154006116021831 -1.6151383236506105e-12 1.6154006115999409 2.7185310121621566


# name: erro
# type: scalar
2.5208180004710085e-11


# name: tol
# type: scalar
9.9999999999999995e-08


# name: E
# type: scalar
9.9999999999999995e-08


# name: N
# type: scalar
5


