# Created by Octave 5.2.0, Sat Mar 13 15:00:24 2021 -03 <caio@xubuntu>
# name: F
# type: matrix
# rows: 4
# columns: 1
 -8.8817841970012523e-16
 1.3322676295501878e-15
 1.3855583347321954e-13
 -1.5631940186722204e-13


# name: J
# type: matrix
# rows: 4
# columns: 4
 1.0000000028043132 1.0000000028043132 0 0
 -2.1546999606769646 0.15469995950923021 1.9999999967268423 2.0000000011677344
 4.6427319055908356 0.023932091863798632 -8.6187996295450375 0.61880005119974157
 -10.003694264071328 0.00370231845181479 27.856390225622363 0.14359258670992858


# name: s
# type: matrix
# rows: 4
# columns: 1
 -4.1885187549479632e-14
 4.2773365966689014e-14
 -9.2302201140098907e-15
 -3.9869438667058388e-14


# name: w
# type: matrix
# rows: 1
# columns: 2
 2.0000000000000568 1.9999999999999454


# name: t
# type: matrix
# rows: 1
# columns: 2
 -2.1546999610288236 0.15469996102889014


# name: erro
# type: scalar
4.2773365966689014e-14


# name: tol
# type: scalar
9.9999999999999995e-08


# name: E
# type: scalar
9.9999999999999995e-08


# name: N
# type: scalar
2


