# Created by Octave 5.2.0, Sat Mar 13 15:00:27 2021 -03 <caio@xubuntu>
# name: F
# type: matrix
# rows: 6
# columns: 1
 0
 6.7501559897209518e-14
 -2.9936941814412421e-09
 8.9910550116201193e-09
 -2.7378646905162896e-08
 7.7012572319290484e-08


# name: J
# type: matrix
# rows: 6
# columns: 6
 1.0000000028043132 1.0000000028043132 1.0000000028043132 0 0 0
 -2.5491915334185933 -1.0000000028043132 0.54919152780996683 1.1111125974849756 1.7777748162473017 1.1111125886031914
 6.4983774628046831 1.0000000116860974 0.30161134034756287 -5.6648775093037784 -3.5555494370953511 1.2204273680538336
 -16.565608795815479 -1.0000000116860974 0.16564239757599353 21.661286204732733 5.3333238980712849 1.0053726384740003
 42.228909649111301 1.0000000116860974 0.090969365373894107 -73.625021670409296 -7.1110981991751032 0.73618956264454027
 -107.64957892206439 -0.99999994063182385 0.049959680836764164 234.60534734454086 8.8888722871161008 0.50538645268716209


# name: s
# type: matrix
# rows: 6
# columns: 1
 4.2897891434164724e-10
 -8.6679720397235837e-10
 4.3781828963071114e-10
 -1.353276881811184e-10
 -4.3782521541334008e-12
 1.2994763998960173e-10


# name: w
# type: matrix
# rows: 1
# columns: 3
 1.1111125921670706 1.7777748156747062 1.1111125921582259


# name: t
# type: matrix
# rows: 1
# columns: 3
 -2.5491915309543565 -0.99999999999562394 0.54919153095975082


# name: erro
# type: scalar
8.6679720397235837e-10


# name: tol
# type: scalar
9.9999999999999995e-08


# name: E
# type: scalar
9.9999999999999995e-08


# name: N
# type: scalar
3


