# Created by Octave 5.2.0, Sat Mar 13 15:00:31 2021 -03 <caio@xubuntu>
# name: F
# type: matrix
# rows: 8
# columns: 1
 -3.9968028886505635e-15
 -1.7763568394002505e-15
 1.3482548411047901e-12
 -3.5313973967276979e-12
 1.7401191598764854e-11
 -6.2115645960147958e-11
 2.198703441536054e-10
 -7.3077899287454784e-10


# name: J
# type: matrix
# rows: 8
# columns: 8
 0.99999999836342113 0.99999999836342113 0.99999999836342113 0.99999999836342113 0 0 0 0
 -2.7222690945905015 -1.6799600821570948 -0.32003991456974745 0.72226909786365923 0.69571342020680049 1.3042865765200418 1.304286585401826 0.69571341576590839
 7.4107490810604304 2.8222658698950909 0.10242555248396457 0.5216726606249722 -3.7878382030953617 -4.3822986484087778 -0.83484742674500012 1.0049846821402753
 -20.174053254606861 -4.7412939707669466 -0.032780285152966826 0.37678802300433745 15.467272085345485 11.043129823917752 0.40077669183347098 1.0888041401813098
 54.919201843972587 7.9651846363049117 0.010491021384950727 0.27214241526962724 -56.141434896517239 -24.736022226079513 -0.17101932314744772 1.048546209858614
 -149.50484626297111 -13.381192189854119 -0.0033574565350136254 0.1965601370557124 191.04011357740092 51.944410728310686 0.068416312615227071 0.94666575023438781
 406.99242390473955 22.479868562186311 0.0010743406164692715 0.14196928077581106 -624.07510711182113 -104.71744019469043 -0.026275301934219897 0.82049723459931556
 -1107.942900944181 -37.765281604151824 -0.00034333424991928041 0.10254098015138879 1982.050409878866 205.2412992270547 0.0098100372269982472 0.69138991420913953


# name: s
# type: matrix
# rows: 8
# columns: 1
 1.0626095385052854e-13
 -4.4195368505008889e-13
 -1.7876475617731345e-13
 5.1845429027206694e-13
 4.44135560905796e-13
 -2.3401051237439908e-13
 -2.9325858979976672e-13
 -7.2497338026056196e-13


# name: w
# type: matrix
# rows: 1
# columns: 4
 0.69571341784724705 1.3042865821534562 1.3042865821528784 0.69571341784641694


# name: t
# type: matrix
# rows: 1
# columns: 4
 -2.7222691036120499 -1.6799600768961005 -0.32003992310275914 0.72226910361252805


# name: erro
# type: scalar
7.2497338026056196e-13


# name: tol
# type: scalar
9.9999999999999995e-08


# name: E
# type: scalar
9.9999999999999995e-08


# name: N
# type: scalar
4


