# Created by Octave 5.2.0, Sat Mar 13 00:50:44 2021 -03 <caio@xubuntu>
# name: F
# type: matrix
# rows: 8
# columns: 1
 -2.9075742613811215
 0.4086444795763593
 6.8880973891336676
 -47.546638338872988
 12538.154812000112
 -23846674.98282291
 -54410890264.063873
 -2617424269454534.5


# name: J
# type: matrix
# rows: 8
# columns: 8
 1.0000000028043132 1.0000000028043132 1.0000000028043132 0.99999999836342113 0 0 0 0
 28756.497522945956 2.455958312275186 -1667.5724217085631 -3.9904282544966918 0 0.11912001607328193 0 0.97330571602327609
 826936149.78735483 6.0317312389202016 2780797.781633595 15.923517651117436 0 0.58510760680974272 -5.3645976549887564e-06 -7.7678131660263716
 23779787342996.809 14.813680451197797 -4637181690.9927015 -63.541654924392788 -4.2632564145606011e-07 2.1554998852479912 0.013424283906715573 46.495351000430674
 6.8382339582513459e+17 36.38178895926103 7732836302338.2705 253.55842808494344 -0.014970282791182399 7.0584246714133769 -29.848142730770633 -247.38181309658103
 1.9664365788179854e+22 89.332461357116699 -12895064559344386 -1011.8260979652405 -538.22994232177734 21.643936634063721 62217.451632022858 1233.9279055595398
 5.6547828607815109e+26 305.17578125 2.1503454035277926e+19 4043.5791015625 -18572692.87109375 152.587890625 -124502487.18261719 -5874.6337890625
 1.6261174932887633e+31 0 -3.5858566920646727e+22 0 -623100000000 0 242220000000 0


# name: s
# type: matrix
# rows: 8
# columns: 1
 1.5741307902144279e-16
 0
 -1.6091734756183132e-09
 -2.8604905526181137e-25
 -2.1894622400418044e-22
 -1.0791913489517503e-26
 9.4020382080159401e-21
 4.1557126701227031e-25


# name: w
# type: matrix
# rows: 1
# columns: 4
 -1.5741307937377201e-16 0.11912001903420662 1.6091733154310894e-09 0.97330571797550136


# name: t
# type: matrix
# rows: 1
# columns: 4
 28756.497522948703 2.4559583163762078 -1667.5724217057518 -3.9904282556550057


# name: erro
# type: scalar
1.6091734756183132e-09


# name: tol
# type: scalar
9.9999999999999995e-08


# name: E
# type: scalar
9.9999999999999995e-08


# name: N
# type: scalar
4


