# Created by Octave 5.2.0, Sat Mar 13 15:00:34 2021 -03 <caio@xubuntu>
# name: F
# type: matrix
# rows: 10
# columns: 1
 0
 6.1284310959308641e-14
 2.8505198201855819e-11
 -8.5968565599614521e-11
 1.6672885294610751e-10
 -2.6021496069006389e-10
 -1.5916157281026244e-11
 2.1632331481669098e-09
 -1.1921201803488657e-08
 4.886260285275057e-08


# name: J
# type: matrix
# rows: 10
# columns: 10
 1.0000000028043132 1.0000000028043132 1.0000000028043132 1.0000000028043132 1.0000000028043132 0 0 0 0 0
 -2.812354003012274 -2.076933736105957 -0.99999999392252903 0.076933739379114741 0.81235400628543175 0.4738603998077906 0.95725336990426513 1.1377724717931414 0.95725336990426513 0.4738603909260064
 7.9093350535686113 4.3136537541954567 0.99999999392252903 0.0059188032253132405 0.65991903497319981 -2.6653263063280974 -3.9763035530882007 -2.2755448192413041 0.14729026887039254 0.76988483144191378
 -22.243850210657001 -8.9591730301208372 -1.0000000116860974 0.0004553513122118602 0.5360878674309788 11.24376147743078 12.387778198785782 3.4133170601080565 0.016997390162032389 0.938128614791367
 62.557581159694564 18.607608751608495 1.0000000116860974 3.5029756872972939e-05 0.4354931348871105 -42.161916269378708 -34.304791967088022 -4.55108917662983 0.0017435297650081338 1.0161234342831449
 -175.9340642593088 -38.646770548211862 -0.99999994063182385 2.7000623958883807e-06 0.35377468066144502 148.21778989926315 89.060972499055424 5.68886122209733 0.00016768808563938364 1.0318150600596709
 494.78887035547814 80.26678187889047 1.0000002248489182 0 0.28739009394485038 -500.20906542158627 -221.96848135536129 -6.8266331254562829 1.5347723092418164e-05 1.0058386124001117
 -1391.5214617554739 -166.70878721924964 -0.99999965641472954 0 0.2334616056032246 1641.225771891186 537.84945407642226 7.96440531303233 1.1368683772161603e-06 0.95328005045303144
 3913.450964319054 346.2431050138548 1.0000030670198612 0 0.18965693016070873 -5275.0946179003222 -1276.6601730618277 -9.1021729531348683 0 0.88503384176874533
 -11006.009508491843 -719.1239910753211 -1.0000076144933701 0 0.15406840248033404 16689.862377461395 2982.9808408976533 10.239946277579293 0 0.80883182818070054


# name: s
# type: matrix
# rows: 10
# columns: 1
 5.3733900387089689e-12
 -4.0405955629182648e-13
 -1.1078283372710996e-11
 -1.7296482839962572e-12
 7.8386011742901046e-12
 -2.5123965566766704e-12
 1.7401851871577731e-11
 -4.6207915092859788e-13
 -1.9471872471939171e-11
 1.2582863413410059e-12


# name: w
# type: matrix
# rows: 1
# columns: 5
 0.47386039485908416 0.95725337108477215 1.1377724681206984 0.95725337108262631 0.47386039485282205


# name: t
# type: matrix
# rows: 1
# columns: 5
 -2.8123540081086804 -2.0769337410664708 -0.99999999999576361 0.076933741074330916 0.81235400811159508


# name: erro
# type: scalar
1.9471872471939171e-11


# name: tol
# type: scalar
9.9999999999999995e-08


# name: E
# type: scalar
9.9999999999999995e-08


# name: N
# type: scalar
5


