# Created by Octave 5.2.0, Sat Mar 13 15:00:37 2021 -03 <caio@xubuntu>
# name: F
# type: matrix
# rows: 12
# columns: 1
 -8.8817841970012523e-16
 -1.4210854715202004e-14
 -2.0161650127192843e-12
 6.5583094510657247e-12
 -1.9035439891013084e-11
 5.169908945390489e-11
 -1.2261125448276289e-10
 2.5522695068502799e-10
 -4.2291503632441163e-10
 2.4556356947869062e-10
 2.0081643015146255e-09
 -1.3234966900199652e-08


# name: J
# type: matrix
# rows: 12
# columns: 12
 1.0000000028043132 1.0000000028043132 1.0000000028043132 1.0000000028043132 1.0000000028043132 1.0000000028043132 0 0 0 0 0 0
 -2.8649307459716056 -2.3224102996266538 -1.4772352052716542 -0.52276480033697226 0.32241029401802734 0.86493074036297912 0.34265912773889795 0.72151918217855382 0.93582168680939048 0.93582168680939048 0.72151918217855382 0.34265912773889795
 8.2078281238295858 5.3935895927281763 2.1822238416291384 0.27328303175977453 0.10394840543881401 0.74810518668755321 -1.9633892733850189 -3.3513271091578645 -2.7648573919236696 -0.97842919544177676 0.46525050478862795 0.59275285124726906
 -23.514859108786368 -12.526128045919904 -3.2236578562105933 -0.1428627527388926 0.033514027109049493 0.64705915292506688 8.4374612896453982 11.6747346368129 6.126516787219316 0.7672324287000265 0.22500234564404309 0.76903528878347061
 67.368442557835806 29.09080876634107 4.76210090027962 0.074683583761725458 0.01080529443697742 0.55966133061247092 -32.230322375426113 -36.151364497527538 -12.06707452183764 -0.53477613448649208 0.096724122045088734 0.88688302923856099
 -193.00592200011124 -67.56079372394197 -7.0347431346817757 -0.039042049593263073 0.0034836489248846192 0.48406832320324611 115.42204958914226 104.94787417769658 22.282383298488639 0.34945259130836348 0.038981085026534856 0.95886562689884158
 552.94859862442536 156.90388352140872 10.391970022283203 0.020409629541973118 0.0011232259566895664 0.41868588596116751 -396.81140549419069 -292.47842178392602 -39.499583976976282 -0.21921778170508333 0.015081695892149583 0.99522310392785585
 -1584.1594358789735 -364.3951947651658 -15.3513838085928 -0.010669509720173664 0.00036266101233195513 0.36213464227330405 1326.3100368021696 792.46403288379952 68.075202079853625 0.1336991317657521 0.0056729732023086399 1.0042663234344218
 4538.5070552583784 846.27515207102988 22.677604647469707 0.0055797499953769147 0.00011823431123048067 0.31322088034357876 -4342.6129468571162 -2103.3446773799369 -114.9292347690789 -0.079876372183207422 0.0020918378140777349 0.99270891951164231
 -13002.508367208065 -1965.3981325973291 -33.500155041110702 -0.0029194779926910996 4.5474735088646412e-05 0.27092028176411986 13996.445723023498 5495.4328879830427 190.99969904345926 0.046975401346571743 0.00076397554948925972 0.96595613285899162
 37251.285939419176 4564.4608690054156 49.487607611808926 0.0015279510989785194 0 0.23432221496477723 -44554.274245456327 -14180.721846059896 -313.50164135801606 -0.027284841053187847 0.00027284841053187847 0.92830305220559239
 -106722.35403035302 -10600.550958770327 -73.104820330627263 -0.00080035533756017685 0 0.20270817913115025 140409.39844562672 36226.799129508436 509.42719099111855 0.015643308870494366 0.00014551915228366852 0.88322849478572607


# name: s
# type: matrix
# rows: 12
# columns: 1
 1.8960661612928254e-12
 6.7774717564006929e-12
 1.0864294222318421e-11
 7.8613798913436221e-12
 -9.4513443185316819e-12
 -1.7946979534406656e-11
 9.9204007263427246e-13
 3.9118175005164741e-12
 1.4170561242499232e-11
 2.4159390767703616e-11
 2.5289318593165383e-11
 7.6931939723737122e-12


# name: w
# type: matrix
# rows: 1
# columns: 6
 0.34265912433012741 0.72151918667616766 0.93582168900544827 0.93582168899877438 0.72151918666526749 0.34265912432421664


# name: t
# type: matrix
# rows: 1
# columns: 6
 -2.8649307374180362 -2.3224102991364313 -1.4772352001374485 -0.52276479984157576 0.32241029914773073 0.86493073742045423


# name: erro
# type: scalar
2.5289318593165383e-11


# name: tol
# type: scalar
9.9999999999999995e-08


# name: E
# type: scalar
9.9999999999999995e-08


# name: N
# type: scalar
6


