# Created by Octave 5.2.0, Sat Mar 13 15:00:41 2021 -03 <caio@xubuntu>
# name: F
# type: matrix
# rows: 14
# columns: 1
 1.1546319456101628e-14
 -5.595524044110789e-14
 -5.3912430075797602e-12
 2.0044410575792426e-11
 -2.3423751827067463e-10
 1.0376908221587655e-09
 -4.1307544051960576e-09
 1.4759962141397409e-08
 -4.967023414792493e-08
 1.6054673324106261e-07
 -5.0387643568683416e-07
 1.5495679690502584e-06
 -4.6954373829066753e-06
 1.4071119949221611e-05


# name: J
# type: matrix
# rows: 14
# columns: 14
 0.99999999392252903 0.99999999392252903 0.99999999392252903 0.99999999392252903 0.99999999392252903 0.99999999392252903 1.0000000028043132 0 0 0 0 0 0 0
 -2.8982044852909894 -2.4830496236916133 -1.8116830524661509 -1.0000000028043132 -0.18831694426069134 0.48304962696477105 0.89820448412325504 0.25898418520853284 0.55940698295842139 0.76365339829465029 0.83591084276690708 0.76365339829465029 0.55940699184020559 0.25898418964942493
 8.3995892374844061 6.1655354421930042 3.2821954754069793 0.99999999392252903 0.03546327675962857 0.23333694088023549 0.80677130753770143 -1.5011782750207203 -2.7780705735835909 -2.7669957702869397 -1.6718215967159722 -0.28761768078311434 0.54044273056774728 0.46524155195015737
 -24.343727247355673 -15.309330514412522 -5.9462979251634351 -0.99999997615896064 -0.0066783556462723936 0.11271332311935112 0.72464562350660344 6.5260822523782736 10.347130405818916 7.5193787907323895 2.5077322973743321 0.081244913019418163 0.39159104403552192 0.62682310897343996
 70.55309957593181 38.013827392546773 10.772807144121543 1.0000000116860974 0.0012576606422953773 0.054446118724627013 0.65087995437806967 -25.218560750772667 -34.256583703040633 -18.163640973511974 -3.3436428736877133 -0.020399752997946052 0.25221055466317921 0.75068719240789505
 -204.47730946671072 -94.39021994239738 -19.51691203316841 -1.000000082740371 -0.0002368949481024174 0.0263001709299715 0.58462333640818542 91.360680869456701 106.32599469317938 41.133449428798485 4.1795533434196841 0.0048019899168139091 0.15228778238451923 0.84283826140563178
 592.61705587232427 234.37560003003455 35.358459058443259 1.0000002248489182 4.4906300900038332e-05 0.012704504115390591 0.52511154535750393 -317.73831665304897 -316.81526024840423 -89.424925704406633 -5.0154636710431078 -0.001085140866052825 0.088274987319891807 0.90844991973426659
 -1717.5254129142559 -581.96624877382419 -64.058320958793047 -0.99999965641472954 -9.0949470177292824e-06 0.0061368155002128333 0.47165713112917729 1074.3490304321313 917.77932880177104 189.01121961789613 5.8513751355349086 0.0002376054908381775 0.049748223318601958 0.9519692412141012
 4977.7398544392781 1445.0510752794798 116.05337476794375 0.99999851954635233 0 0.0029649527277797461 0.42364717955933884 -3558.4950046541053 -2604.4475134767708 -391.34675716923084 -6.6872826209873892 -5.4569682106375694e-05 0.027462192520033568 0.97721567726694047
 -14426.507987082005 -3588.1335315934848 -210.25192836532369 -0.99999851954635233 0 0.0014370016288012266 0.38051439332775772 11602.40175522631 7275.3438416839344 797.62080531509127 7.5231946539133787 1.8189894035458565e-05 0.014924808056093752 0.98745658760890365
 41810.970178630669 8909.5136354444548 380.90985981398262 1.0000076144933701 0 0.00069121597334742546 0.34176991903223097 -37362.369184847921 -20072.2660520114 -1605.5956075433642 -8.3590930444188416 0 0.0080035533756017685 0.98547388915903866
 -121176.74137698486 -22122.764494270086 -690.08790887892246 -1.0000076144933701 0 0.00029103830456733704 0.30704541131854057 119112.16250155121 54824.474937049672 3199.7133191907778 9.1949914349243045 0 0.004220055416226387 0.97374140750616789
 351194.97537380084 54931.922204559669 1250.2206664066762 1.0000076144933701 0 0.00014551915228366852 0.27575879357755184 -376594.25230231136 -148507.51555059105 -6323.8540315069258 -10.030926205217838 0 0.0021827872842550278 0.9540235623717308
 -1017834.8532645032 -136398.6887736246 -2265.0038590654731 -1.0000076144933701 0 0 0.24738255888223648 1182401.0609416291 399480.81772308797 12411.553761921823 10.86678821593523 0 0.0011641532182693481 0.92841219156980515


# name: s
# type: matrix
# rows: 14
# columns: 1
 1.1063805325193793e-10
 1.6056957088559961e-10
 1.9876804282222409e-10
 -4.4812852370140237e-11
 -2.5362954947040262e-10
 -2.7704326035013113e-10
 1.0549844797437169e-10
 3.7947852348916036e-11
 1.7804623392516544e-10
 3.9407563108814743e-10
 4.6835233300555929e-10
 3.0491367880171927e-10
 9.9785841738452705e-12
 -5.5181786851575888e-11


# name: w
# type: matrix
# rows: 1
# columns: 7
 0.25898419143051826 0.55940698790572163 0.76365339809864474 0.83591084401237203 0.76365339866619342 0.55940698844070713 0.25898419144585683


# name: t
# type: matrix
# rows: 1
# columns: 7
 -2.8982044869507666 -2.4830496275451104 -1.8116830512661293 -1.0000000005858911 -0.18831694960310555 0.48304962730560863 0.89820448696732824


# name: erro
# type: scalar
4.6835233300555929e-10


# name: tol
# type: scalar
9.9999999999999995e-08


# name: E
# type: scalar
9.9999999999999995e-08


# name: N
# type: scalar
7


