# Created by Octave 5.2.0, Sat Mar 13 00:09:17 2021 -03 <kuroneko@kuroneko-VirtualBox>
# name: F
# type: matrix
# rows: 4
# columns: 1
 4.4408920985006262e-16
 6.7017992717854913e-12
 2.1848278008995692e-07
 1.1933711701120342e-10


# name: J
# type: matrix
# rows: 4
# columns: 4
 0.99999999836342113 0.99999999836342113 0 0
 -0.57735007552572881 0.57735007552572881 0.99999999947364415 0.99999999947364415
 0.33333310889283041 0.33333310889283041 -1.1547000500211624 1.1547002498613068
 -0.19244989574174198 0.19244989574174198 0.99999915376125514 0.99999950042839458


# name: s
# type: matrix
# rows: 4
# columns: 1
 -1.4627534087741851e-10
 1.4627489678820793e-10
 9.4518047826533835e-08
 -9.4693653527709374e-08


# name: w
# type: matrix
# rows: 1
# columns: 2
 1.0000000001463185 0.99999999985368304


# name: t
# type: matrix
# rows: 1
# columns: 2
 -0.57735007503244962 0.57735007520810455


# name: erro
# type: scalar
9.4693653527709374e-08


# name: tol
# type: scalar
9.9999999999999995e-08


# name: E
# type: scalar
9.9999999999999995e-08


# name: N
# type: scalar
2


