# Created by Octave 5.2.0, Sat Mar 13 00:09:31 2021 -03 <kuroneko@kuroneko-VirtualBox>
# name: F
# type: matrix
# rows: 6
# columns: 1
 4.4408920985006262e-16
 -2.5045070184415152e-15
 -3.7398428798240957e-10
 1.9333913810204439e-12
 -2.9255170508335482e-10
 3.9389966982605884e-12


# name: J
# type: matrix
# rows: 6
# columns: 6
 0.99999999836342113 0.99999999836342113 0.99999999836342113 0 0 0
 -0.77459576530714003 0 0.77459576530714003 0.55555629596693024 0.88888740812365086 0.55555629596693024
 0.59999859969295244 0 0.59999859969295244 -0.86066305193810422 8.8817841970012523e-08 0.8606631640706297
 -0.46475637449638896 0 0.46475637449638896 0.9999988698217166 0 0.99999912794856982
 0.35999831948796412 0 0.35999832004307564 -1.0327931199149987 0 1.0327935195952875
 -0.2788531741626521 0 0.2788531741626521 0.99999640734704798 0 0.99999692360075443


# name: s
# type: matrix
# rows: 6
# columns: 1
 2.1159058291954208e-10
 -4.3397022766428658e-10
 2.223792006555339e-10
 -6.9471130595375653e-11
 -5.0564209812103268e-12
 6.2523636358611604e-11


# name: w
# type: matrix
# rows: 1
# columns: 3
 0.55555629608643387 0.88888740783792264 0.55555629607564516


# name: t
# type: matrix
# rows: 1
# columns: 3
 -0.77459576547537101 5.0565466859020313e-12 0.77459576548231857


# name: erro
# type: scalar
4.3397022766428658e-10


# name: tol
# type: scalar
9.9999999999999995e-08


# name: E
# type: scalar
9.9999999999999995e-08


# name: N
# type: scalar
3


