# Created by Octave 5.2.0, Sat Mar 13 00:09:54 2021 -03 <kuroneko@kuroneko-VirtualBox>
# name: F
# type: matrix
# rows: 10
# columns: 1
 4.4408920985006262e-16
 3.2131415583780409e-15
 3.5411673593443993e-12
 -1.5676999629010702e-13
 -2.733924198139448e-13
 -2.640578727897136e-13
 -3.0230262737518387e-12
 -3.4961747039097268e-13
 -4.1737446832001979e-12
 -4.4079019947962372e-13


# name: J
# type: matrix
# rows: 10
# columns: 10
 0.99999999836342113 0.99999999836342113 0.99999999836342113 0.99999999836342113 0.99999999836342113 0 0 0 0 0
 -0.90617700398976098 -0.53846687053660247 0 0.53846687053660247 0.90617700398976098 0.23693019712833774 0.47862668550724408 0.56888623423123619 0.47862668495213256 0.23693019712833774
 0.82115676258709414 0.28994657119696399 0 0.28994657119696399 0.82115676258709414 -0.42940136890656788 -0.51544917889501107 5.6621374255882984e-08 0.51544927548441422 0.42940141664615794
 -0.74411337536162137 -0.15612662274122613 0 0.15612662246367037 0.74411337508406561 0.58367043698215326 0.41632842062711006 0 0.41632857522566624 0.58367056576802412
 0.67429842820487806 0.084069013417398253 0 0.084069013972509765 0.67429842875998958 -0.70521159911685061 -0.29890538821852886 0 0.29890555475198255 0.70521183115346275
 -0.61103373028004171 -0.045268379045282359 0 0.045268379045282359 0.61103373000248595 0.79880812242638655 0.20118829213711109 0 0.20118844201721942 0.79880847492219687
 0.55370471485627348 0.02437552215628358 0 0.02437552215628358 0.55370471485627348 -0.86863381376645066 -0.12999986420680898 0 0.12999998466600715 0.86863429282768578
 -0.50175447963152209 -0.013125411035819212 0 0.01312541117459709 0.50175447963152209 0.9183252677735787 0.081667382578753944 0 0.081667473478264085 0.91832587548190681
 0.45467837106460962 0.0070675992835944612 0 0.0070675990060387051 0.45467837106460962 -0.95104593589301345 -0.05025734384211944 0 0.050257409067722136 0.95104667030554424
 -0.41201908426713452 -0.0038056680029541212 0 0.0038056680029541212 0.41201908426713452 0.96954289777184677 0.030444651105687726 0 0.030444696347275979 0.96954375375379875


# name: s
# type: matrix
# rows: 10
# columns: 1
 2.5998288690298482e-12
 2.295913171305408e-13
 -3.5770837929152911e-12
 -5.0572304573889664e-13
 1.2529425632832215e-12
 -1.1998470921717769e-12
 8.67778158640191e-12
 1.0069629707535794e-12
 -6.9876123917162326e-12
 2.1766716017442593e-12


# name: w
# type: matrix
# rows: 1
# columns: 5
 0.23693019742899388 0.47862668554100485 0.56888623405791927 0.47862668554174209 0.23693019743034163


# name: t
# type: matrix
# rows: 1
# columns: 5
 -0.90617700405465573 -0.53846687053433018 -1.0084413756386425e-12 0.5384668705326382 0.90617700405367863


# name: erro
# type: scalar
8.67778158640191e-12


# name: tol
# type: scalar
9.9999999999999995e-08


# name: E
# type: scalar
9.9999999999999995e-08


# name: N
# type: scalar
5


