# Created by Octave 5.2.0, Sat Mar 13 00:10:11 2021 -03 <kuroneko@kuroneko-VirtualBox>
# name: F
# type: matrix
# rows: 14
# columns: 1
 0
 -6.0325008877093467e-16
 -7.2952754948119036e-13
 1.6365424640452098e-13
 -5.9015570208487134e-12
 5.2314055865032572e-14
 -8.5794704673958222e-12
 -9.8040933010912212e-14
 -9.1558427506299722e-12
 -2.4623749220187285e-13
 -8.9019902560494302e-12
 -4.0022932884520301e-13
 -8.3918705318097864e-12
 -5.531347949117027e-13


# name: J
# type: matrix
# rows: 14
# columns: 14
 0.99999999836342113 0.99999999836342113 0.99999999836342113 0.99999999836342113 0.99999999836342113 0.99999999836342113 0.99999999836342113 0 0 0 0 0 0 0
 -0.94910224346378413 -0.74152481377431911 -0.40584152483091884 0 0.40584152594114187 0.74152481349676336 0.94910224346378413 0.12949209593493549 0.27970349369965675 0.38182669914732514 0.41795542249367656 0.38182669914732514 0.2797034939772125 0.12949209565737974
 0.90079506742668514 0.5498590494035227 0.16470734331974768 0 0.16470734331974768 0.5498590494035227 0.90079506964713119 -0.24580246504868342 -0.41481413415311863 -0.30992222121994928 4.2188474935755949e-08 0.309922298935561 0.41481418966426986 0.24580249058381298
 -0.85494662016571965 -0.40773412923744701 -0.066845079471633539 0 0.066845079749189296 0.40773412909866913 0.85494662044327541 0.34993748676548364 0.46139242981801942 0.18866893769509119 0 0.1886690306762695 0.46139255388544242 0.34993756059531478
 0.81143175512110588 0.30234497461201215 0.02712850832864433 0 0.027128509438867354 0.30234497350178913 0.81143175512110588 -0.44283524847088529 -0.45617854937951563 -0.10209290746132638 0 0.10209298184626903 0.45617873367653772 0.44283538835898639
 -0.7701316995234464 -0.22419630069103746 -0.011009875511280853 0 0.011009875511280853 0.22419630055225959 0.7701316995234464 0.52536988204288093 0.42283461398895383 0.051791919641885897 0 0.051791970989700786 0.42283484213978539 0.52537010339359647
 0.73093372354726682 0.16624711995927299 0.0044682646471727594 0 0.0044682646471727594 0.16624711995927299 0.73093372410237833 -0.59835564891752568 -0.37625080495651275 -0.025223170774246739 0 0.025223202415602941 0.37625105864247388 0.59835596422086468
 -0.69373083694257431 -0.12327636467190928 -0.0018134072021780412 0 0.0018134073409559193 0.12327636467190928 0.69373083708135219 0.66255076841548188 0.32549917067248302 0.011942710431700476 0 0.011942728056490992 0.32549943393411773 0.6625511873858958
 0.6584214939930888 0.091412483416153378 0.00073595601834952618 0 0.00073595601834952618 0.091412483416153378 0.65842149371553305 -0.71866101458706311 -0.2758465089680584 -0.0055392537778864437 0 0.0055392634923379092 0.27584676959291343 0.71866154444100161
 -0.62490931679315409 -0.067784624580013997 -0.00029868135742461277 0 0.00029868163498036893 0.067784624718791875 0.62490931693193197 0.76734308851467148 0.23011539479478316 0.0025290664007471264 0 0.0025290713967507372 0.23011564292962916 0.76734373521958332
 0.59310283462288282 0.050263981310472161 0.00012121748049764847 0 0.00012121748049764847 0.050263981310472161 0.59310283462288282 -0.80920778688930994 -0.18959584846545141 -0.0011404444055784779 0 0.0011404471811360395 0.18959607883672902 0.80920855460853147
 -0.56291523095608476 -0.037271989244969106 -4.9195092444165311e-05 0 4.9194953666287233e-05 0.037271989244969106 0.56291523095608476 0.84482297421639707 0.15464901845230195 0.00050912357663079888 0 0.00050912482563170158 0.15464922689667482 0.84482386447648494
 0.53426410850931916 0.027638104860283619 1.9965418207590346e-05 0 1.9965418207590346e-05 0.027638104860283619 0.53426410878687491 -0.87471636850411372 -0.12510117469721749 -0.00022540719291086475 0 0.00022540802557813322 0.1251013601044626 0.87471738241529096
 -0.50707126414417658 -0.020494340668975042 -8.1028239673486269e-06 0 8.1028239673486269e-06 0.020494340668975042 0.5070712640053987 0.89937815930807297 0.10049608728524007 9.9102948070139973e-05 0 9.9103364403774208e-05 0.10049624993291317 0.89937929659278382


# name: s
# type: matrix
# rows: 14
# columns: 1
 6.1236063499795563e-12
 -1.2793329358588096e-11
 1.4299267845659952e-11
 -2.00488850812438e-11
 1.9636735977286666e-11
 -1.0372662397648806e-11
 3.1552666645545287e-12
 -5.2066848076588565e-13
 -4.6785960457341165e-12
 8.2172785824045334e-12
 -2.4132867016778464e-12
 -1.0420234366898113e-11
 6.2518086413220286e-12
 2.5784836223714424e-12


# name: w
# type: matrix
# rows: 1
# columns: 7
 0.12949209577436618 0.2797034940672567 0.38182669915818579 0.41795542200519692 0.38182669915284123 0.27970349406482392 0.12949209577733048


# name: t
# type: matrix
# rows: 1
# columns: 7
 -0.94910224345200189 -0.74152481365904999 -0.40584152540053847 2.4248070929068253e-12 0.40584152540276247 0.74152481365748646 0.94910224344994554


# name: erro
# type: scalar
2.00488850812438e-11


# name: tol
# type: scalar
9.9999999999999995e-08


# name: E
# type: scalar
9.9999999999999995e-08


# name: N
# type: scalar
7


