# Created by Octave 5.2.0, Sat Mar 13 01:32:50 2021 -03 <kuroneko@kuroneko-VirtualBox>
# name: Gf
# type: scalar
1.9999999994161339


# name: a
# type: scalar
-1


# name: b
# type: scalar
1


# name: w
# type: scalar
1.9999999994161342


# name: t
# type: scalar
6.2016364266170854e-17


# name: N
# type: scalar
1


