# Created by Octave 5.2.0, Sat Mar 13 02:06:30 2021 -03 <kuroneko@kuroneko-VirtualBox>
# name: Gf
# type: scalar
120.51322163774081


# name: a
# type: scalar
-3


# name: b
# type: scalar
3


# name: w
# type: scalar
6.0000000049097419


# name: t
# type: scalar
-4.5102810375396984e-17


# name: N
# type: scalar
1


