# Created by Octave 5.2.0, Sat Mar 13 02:07:43 2021 -03 <kuroneko@kuroneko-VirtualBox>
# name: Gf
# type: scalar
54240.961314502791


# name: a
# type: scalar
-3


# name: b
# type: scalar
3


# name: w
# type: matrix
# rows: 1
# columns: 7
 0.38847628732327105 0.83911048219622109 1.1454800974742145 1.253866266027593 1.1454800974653074 0.83911048218918394 0.38847628732421313


# name: t
# type: matrix
# rows: 1
# columns: 7
 -2.8473067303550983 -2.224574440980208 -1.2175245762083324 7.7380607281408903e-12 1.2175245762191682 2.2245744409828325 2.8473067303538162


# name: N
# type: scalar
7


