# Created by Octave 5.2.0, Sat Mar 13 01:35:05 2021 -03 <kuroneko@kuroneko-VirtualBox>
# name: Gf
# type: scalar
8.000000006546319


# name: a
# type: scalar
-2


# name: b
# type: scalar
2


# name: w
# type: scalar
4.0000000032731604


# name: t
# type: scalar
1.2403272853234171e-16


# name: N
# type: scalar
1


