# Created by Octave 5.2.0, Sat Mar 13 01:36:14 2021 -03 <kuroneko@kuroneko-VirtualBox>
# name: Gf
# type: scalar
7.9999999999999947


# name: a
# type: scalar
-2


# name: b
# type: scalar
2


# name: w
# type: matrix
# rows: 1
# columns: 7
 0.25898419155021085 0.55940698813235701 0.76365339831116053 0.83591084401049631 0.76365339831033052 0.55940698813187217 0.25898419155357538


# name: t
# type: matrix
# rows: 1
# columns: 7
 -1.8982044869029588 -1.4830496273176494 -0.81168305080436165 -1.373005430349826e-12 0.81168305080207959 1.4830496273149145 1.8982044869007648


# name: N
# type: scalar
7


