# Created by Octave 5.2.0, Sat Mar 13 02:02:22 2021 -03 <kuroneko@kuroneko-VirtualBox>
# name: Gf
# type: scalar
6.3890542318627119


# name: a
# type: scalar
-1


# name: b
# type: scalar
1


# name: w
# type: matrix
# rows: 1
# columns: 4
 0.34785670892363124 0.65214329107666469 0.65214329107642488 0.34785670892328041


# name: t
# type: matrix
# rows: 1
# columns: 4
 -0.86113455180599363 -0.33998003844808089 0.33998003844853447 0.86113455180624654


# name: N
# type: scalar
4


