# Created by Octave 5.2.0, Sat Mar 13 02:04:21 2021 -03 <kuroneko@kuroneko-VirtualBox>
# name: Gf
# type: scalar
6.3890550340863212


# name: a
# type: scalar
-1


# name: b
# type: scalar
1


# name: w
# type: matrix
# rows: 1
# columns: 7
 0.12949209577436618 0.2797034940672567 0.38182669915818579 0.41795542200519692 0.38182669915284123 0.27970349406482392 0.12949209577733048


# name: t
# type: matrix
# rows: 1
# columns: 7
 -0.94910224345200189 -0.74152481365904999 -0.40584152540053847 2.4248070929068253e-12 0.40584152540276247 0.74152481365748646 0.94910224344994554


# name: N
# type: scalar
7


