# Created by Octave 5.2.0, Sat Mar 13 00:09:43 2021 -03 <kuroneko@kuroneko-VirtualBox>
# name: F
# type: matrix
# rows: 8
# columns: 1
 0
 1.0451708942760263e-16
 1.6886492204548631e-13
 6.4775008273842971e-14
 3.5577096824113141e-13
 9.437763071051819e-14
 4.4930725806580085e-13
 1.3094256581802632e-13


# name: J
# type: matrix
# rows: 8
# columns: 8
 0.99999999836342113 0.99999999836342113 0.99999999836342113 0.99999999836342113 0 0 0 0
 -0.86113455144420925 -0.33998003856616776 0.33998003801105625 0.86113455144420925 0.34785670899317722 0.65214329159068996 0.65214329048046693 0.34785670843806571
 0.74155271700959702 0.11558642709630362 0.11558642709630362 0.74155271700959702 -0.59910282734776388 -0.44343133720481376 0.44343146710090764 0.59910289729181443
 -0.63857666598998719 -0.039297077258915181 0.039297077814026693 0.63857666598998719 0.77386217156583115 0.22613667161053286 0.22613680455974006 0.77386235169951689
 0.54990043074631956 0.013360221817748652 0.013360221817748652 0.54990043074631956 -0.88853255419962807 -0.10250925719379467 0.10250934767697117 0.88853286395185194
 -0.47353826110319019 -0.0045422088312818687 0.0045422088312818687 0.47353826138074595 0.95643254843791325 0.043563870011364969 0.043563921359179858 0.9564329925271231
 0.40778015797382494 0.001544260275210263 0.001544260275210263 0.40778015797382494 -0.98834047890239418 -0.017773012506161479 0.01777303915151407 0.98834105288769791
 -0.35115358384962825 -0.0005250176682292107 0.00052501780700708878 0.35115358398840613 0.99294310051956103 0.0070495467796583 0.007049559269667327 0.99294379232728325


# name: s
# type: matrix
# rows: 8
# columns: 1
 -3.1402403314162732e-14
 -2.6374407464702266e-13
 -2.418924713379332e-14
 3.1933572509497874e-13
 1.5994705710090648e-13
 -2.1991411048628309e-13
 -2.3341600202741781e-13
 -4.1276640467784117e-13


# name: w
# type: matrix
# rows: 1
# columns: 4
 0.34785670892363124 0.65214329107666469 0.65214329107642488 0.34785670892328041


# name: t
# type: matrix
# rows: 1
# columns: 4
 -0.86113455180599363 -0.33998003844808089 0.33998003844853447 0.86113455180624654


# name: erro
# type: scalar
4.1276640467784117e-13


# name: tol
# type: scalar
9.9999999999999995e-08


# name: E
# type: scalar
9.9999999999999995e-08


# name: N
# type: scalar
4


