# Created by Octave 5.2.0, Fri Mar 12 23:59:29 2021 -03 <caio@xubuntu>
# name: F
# type: matrix
# rows: 12
# columns: 1
 0
 4.90059381963448e-17
 -2.5124347047267293e-13
 5.6753646920926215e-14
 -1.6087131626818518e-13
 4.2544093248331194e-14
 1.1213252548714081e-14
 1.9485281443909486e-15
 1.1360357099476914e-13
 -5.014435047745458e-14
 1.624256285026604e-13
 -1.0184301318938438e-13


# name: J
# type: matrix
# rows: 12
# columns: 12
 0.99999999836342113 0.99999999836342113 0.99999999836342113 0.99999999836342113 0.99999999836342113 0.99999999836342113 0 0 0 0 0 0
 -0.93246536936320013 -0.66120514952139331 -0.23861760012344746 0.23861760012344746 0.66120514952139331 0.93246536880808861 0.17132956164900293 0.36075959330972296 0.46791084451491827 0.46791084451491827 0.3607595930321672 0.17132956220411444
 0.8694916642237871 0.43719224906979548 0.056938359582758835 0.056938359582758835 0.4371922501800185 0.8694916642237871 -0.31951774892569063 -0.47707216621617476 -0.2233034790410926 0.22330357229982667 0.47707223727044834 0.31951778334260439
 -0.81077086488967609 -0.28907376714570887 -0.013586494707062968 0.013586494151951456 0.28907376686815311 0.81077086488967609 0.44690882994302683 0.47316382256745726 0.079926193441437476 0.079926260054818954 0.47316396578622744 0.44690892597731846
 0.7560157533337275 0.19113706339890513 0.0032419766871072397 0.0032419766871072397 0.19113706339890513 0.75601575388883901 -0.55563597944896514 -0.41714444398710526 -0.025429057193271376 0.025429088279516066 0.41714463272501945 0.55563615874998362
 -0.70495850851282071 -0.12638081053895078 -0.00077359257888431898 0.00077359257888431898 0.12638081053895078 0.70495850837404284 0.64763910095910759 0.34477254162723625 0.0075847739200440856 0.0075847866876088688 0.34477275034916488 0.64763937879241951
 0.65734939547201776 0.083563642672146443 0.00018459289652383859 0.00018459289652383859 0.083563642672146443 0.65734939547201776 -0.72468120115853907 -0.27355843534859758 -0.002171832158559539 0.0021718365994516375 0.27355864185008016 0.72468158973659769
 -0.6129555463196823 -0.0552527108788059 -4.4046988278978461e-05 4.4047127056856539e-05 0.0552527108788059 0.6129555463196823 0.78836343481158977 0.21102460459609951 0.00060461025075397856 0.00060461163853275934 0.21102479597079338 0.78836394190595627
 0.5715598194733218 0.036533376879255286 1.0510481374126357e-05 1.0510203818370201e-05 0.036533376879255286 0.5715598194733218 -0.84013892731604756 -0.15946347964312935 -0.00016488060916586278 0.00016488116427737509 0.15946364839702909 0.84013955792272554
 -0.53295973773126448 -0.024156056877000509 -2.5079938126282286e-06 2.5079938126282286e-06 0.024156057015778387 0.53295973787004236 0.88132546399721789 0.11861782417410538 4.4261538878487272e-05 4.4261538878487272e-05 0.11861796767043131 0.88132622019787554
 0.4969664985088329 0.015972109190798278 5.9841021027295938e-07 5.9841021027295938e-07 0.015972109468354034 0.4969664985088329 -0.91311714411901335 -0.087145233529373201 -1.1735057370287905e-05 1.1735057370287905e-05 0.087145352323236835 0.9131180256360949
 -0.46340404930012014 -0.010560840812967598 -1.4280243654241076e-07 1.4280243654241076e-07 0.010560840951745476 0.46340404916134226 0.93659507580112766 0.063382960130420329 3.0801750039444187e-06 3.0801750039444187e-06 0.063383056025934081 0.93659608013663131


# name: s
# type: matrix
# rows: 12
# columns: 1
 2.536538912126928e-13
 2.6096394252133491e-13
 -6.438486584646051e-13
 -3.3793162838738679e-13
 9.9714624517380735e-13
 -5.2998379205584333e-13
 2.8161298025940184e-13
 -8.5247262362943609e-14
 4.444619841399259e-13
 -5.0826289286412112e-13
 4.2067033291628335e-13
 1.8384857989906278e-13


# name: w
# type: matrix
# rows: 1
# columns: 6
 0.17132956216325015 0.3607595933353715 0.46791084450151604 0.46791084450120546 0.36075959333462709 0.171329562164031


# name: t
# type: matrix
# rows: 1
# columns: 6
 -0.93246536870977748 -0.66120514957134247 -0.23861760007415891 0.23861760007423702 0.66120514957101362 0.93246536870931307


# name: erro
# type: scalar
9.9714624517380735e-13


# name: tol
# type: scalar
9.9999999999999995e-08


# name: E
# type: scalar
9.9999999999999995e-08


# name: N
# type: scalar
6


