# Created by Octave 5.2.0, Sat Mar 13 00:50:23 2021 -03 <caio@xubuntu>
# name: F
# type: matrix
# rows: 4
# columns: 1
 -3.9999991631202492
 4.00272346315887
 -0.0011678257764096145
 -0.00063293146198617478


# name: J
# type: matrix
# rows: 4
# columns: 4
 0.99999999836342113 0.99999999836342113 0 0
 3262.1705645485836 -68034.614229812723 8.4376949871511897e-07 0
 10641756.792171897 4628708733.4001942 0.0054594906373495178 -1.2558842854559771e-05
 34715225762.4505 -314912413059073.06 26.714624254964292 1.2818418326787651


# name: s
# type: matrix
# rows: 4
# columns: 1
 1.3549094103308233e-15
 -1.8604457041575134e-18
 7.1100488727141701e-25
 7.6325841388502983e-28


# name: w
# type: matrix
# rows: 1
# columns: 2
 8.3678744426879739e-07 9.2309049927649998e-11


# name: t
# type: matrix
# rows: 1
# columns: 2
 3262.1705645431684 -68034.614229818297


# name: erro
# type: scalar
1.3549094103308233e-15


# name: tol
# type: scalar
9.9999999999999995e-08


# name: E
# type: scalar
9.9999999999999995e-08


# name: N
# type: scalar
2


