# Created by Octave 5.2.0, Sat Mar 13 00:50:34 2021 -03 <caio@xubuntu>
# name: F
# type: matrix
# rows: 6
# columns: 1
 -1.6408218034550828
 -0.79441930014890172
 0.41009440719538226
 0.1986672451316096
 7.0899232440524429e-06
 -1.3035167967245798e-07


# name: J
# type: matrix
# rows: 6
# columns: 6
 0.99999999836342113 1.0000000028043132 0.99999999836342113 0 0 0
 -2.0322412730422457 -1206.5577432185394 1263.0104871114156 2.3591781950216273 0 0
 4.1300045872105784 1455781.5877108737 1595195.4905656152 -9.5888383455644544 -1.7763568394002505e-08 0
 -8.3931657712810193 -1756484547.0816522 2014748633.584924 29.230248834721806 9.0238927441532724e-06 7.8514972301491071e-06
 17.0569379065455 2119300031117.9841 2544648653120.8882 -79.203888887491303 -0.014565912920261326 0.01319371278896142
 -34.663817132241093 -2557057862740137 3213917934917914.5 201.20175577176269 21.968198780086823 20.829711502301507


# name: s
# type: matrix
# rows: 6
# columns: 1
 2.9449538529903323e-08
 5.9010312590339228e-20
 4.6677654973193531e-20
 9.4206911545687059e-09
 -2.3481359404802919e-14
 -2.1105330880697882e-14


# name: w
# type: matrix
# rows: 1
# columns: 3
 2.3591781965412095 2.0731554323013696e-12 1.637136837616745e-12


# name: t
# type: matrix
# rows: 1
# columns: 3
 -2.0322412722974201 -1206.5577432145014 1263.0104871162471


# name: erro
# type: scalar
2.9449538529903323e-08


# name: tol
# type: scalar
9.9999999999999995e-08


# name: E
# type: scalar
9.9999999999999995e-08


# name: N
# type: scalar
3


