# Created by Octave 5.2.0, Sat Mar 13 00:50:57 2021 -03 <caio@xubuntu>
# name: F
# type: matrix
# rows: 10
# columns: 1
 1418337.1085637438
 -1273698847.7686377
 645808365726.30725
 -696648811364221.75
 2.6541895748919136e+17
 -4.016086839227988e+20
 8.1688448763341455e+22
 -2.4832072469692909e+26
 -1.0922900053221291e+23
 -8.2094946671433655e+21


# name: J
# type: matrix
# rows: 10
# columns: 10
 0.99884346127510071 0.99884346127510071 0.99884346127510071 0.99884346127510071 0.99884346127510071 0 0 0 0 0
 -190.73486328125 121.59347534179688 37109.851837158203 944.1375732421875 -705.718994140625 -4320.1446533203125 414.84832763671875 0 -163412.09411621094 1585662.3649597168
 35400.390625 13427.734375 1377120361.328125 889892.578125 498046.875 1644287.109375 98876.953125 0 -308491210.9375 -2240651855.46875
 -6250000 2500000 51104376250000 841250000 -351250000 -470000000 18750000 0 -436771250000 2374650000000
 1280000000 0 1.89646186272e+18 793600000000 248960000000 119040000000 2560000000 0 -549686400000000 -2237029760000000
 -655360000000 0 7.037690148356096e+22 749076480000000 -175636480000000 -28835840000000 0 0 -6.485540864e+17 1.97567643648e+18
 0 0 2.6116571914382291e+27 7.071596544e+17 1.241513984e+17 6543114240000000 0 503316480000000 -7.3459661012992e+20 -1.67506207571968e+21
 0 0 9.6917499091090487e+31 6.6760971649024e+20 -8.76173328384e+19 -1.37438953472e+18 0 2.302102470656e+19 -8.0894094112456704e+23 1.3807392143704064e+24
 0 0 3.5965675973341066e+36 6.2997618225053696e+23 6.210041673678848e+22 3.5184372088832e+20 0 9.6862576360554496e+23 -8.7263048201698017e+26 -1.1149035591118409e+27
 0 0 1.3346710969126548e+41 5.9465529479800029e+26 -4.3865060370588631e+25 0 0 4.0441243789876485e+28 -9.2662571139464486e+29 8.861835668848429e+29


# name: s
# type: matrix
# rows: 10
# columns: 1
 8.5112843027686795e-34
 -3.2748624642243534e-17
 6.1496028325719089e-20
 -1.3505723340976216e-14
 -1.3920900578751443e-15
 -7.7398808836116454e-18
 3.0474108402091176e-33
 2.6651343331670884e-15
 1.8646850456525913e-11
 2.5051008638089736e-11


# name: w
# type: matrix
# rows: 1
# columns: 5
 -4319.9916393395797 414.06606157458805 1.2493742154977221e-09 -163414.47833902389 1585661.5124805314


# name: t
# type: matrix
# rows: 1
# columns: 5
 -190.44191325460713 119.70682471443968 37109.579085958409 943.89009489187424 -706.53529110160866


# name: erro
# type: scalar
2.5051008638089736e-11


# name: tol
# type: scalar
9.9999999999999995e-08


# name: E
# type: scalar
9.9999999999999995e-08


# name: N
# type: scalar
5


