# Created by Octave 5.2.0, Sat Mar 13 00:51:07 2021 -03 <caio@xubuntu>
# name: F
# type: matrix
# rows: 12
# columns: 1
 -94.095361879832453
 74.342689169683609
 -59.504909536027483
 46.33738106239835
 -36.474686969718228
 28.007496879324279
 -23.482059341918955
 24.630537742564911
 -36.342622668394597
 48.511414314943977
 22.290693493152503
 -5.9909178514571977


# name: J
# type: matrix
# rows: 12
# columns: 12
 1.000000082740371 1.000000082740371 1.000000082740371 1.000000082740371 1.000000082740371 0.99999994063182385 0 0 0 0 0 0
 -2.0980519366275985 -0.28959405540263106 -65.493295835494791 0.11382596198927786 -2.8949034458491951 -0.7959935999224399 1.3413799138106697 0.069459389351322898 0 1.1496985052872333 0.33697517665132182 -92.992874840547302
 4.4018217693064798 0.083864719613302441 4289.3717962044775 0.012956391515217547 8.3804658146391375 0.63360580782045872 -5.6285691130142368 -0.04023007704745396 0 0.26173118783390237 -1.9510213178364211 148.04345852326151
 -9.2352505021153775 -0.024286705979648104 -280925.09589242813 0.0014748025023436639 -24.260639079898283 -0.50434614706773573 17.713544764319522 0.017475585423198936 0 0.044687737954518525 8.472027204220467 -176.76245875009045
 19.376034927631736 0.0070333072699213517 18398710.40604642 0.00016790124846011167 70.232207036724503 0.40145629043308872 -49.551913718914875 -0.0067478111986929434 0 0.0067822014671037323 -32.700933516593977 187.60237097126264
 -40.651926980217468 -0.0020368418063299032 -1204992183.1661012 1.9184653865522705e-05 -203.31545627527703 -0.31955664780980442 129.9531054144154 0.0024427038169960724 0 0.00096505914370936807 118.33255300075507 -186.66284816504231
 85.289852336245531 0.00058946625358657911 78918909502.169556 2.2737367544323206e-06 588.57860892658209 0.25436520445509814 -327.17802355364256 -0.00084924067778047174 0 0.00013187673175707459 -411.07356878455903 178.29890964549122
 -178.94253801387094 -0.0001716671249596402 -5168659485115.6055 0 -1703.878227772293 -0.2024728473770665 800.84253454515419 0.00028649083105847239 -4.5474735088646412e-06 1.7053025658242404e-05 1388.3546318993467 -165.57891399315849
 375.43072721746285 4.5474735088646412e-05 338512544605562.5 0 4932.5629015584127 0.16116700862767175 -1920.2390421924065 -9.5496943686157465e-05 0.00029103830456733704 0 -4593.3171486467472 150.62828424561303
 -787.67315244476777 -1.8189894035458565e-05 -22170302219622796 0 -14279.293218351086 -0.12829332263208926 4532.3562062549172 3.637978807091713e-05 -0.021655068849213421 0 14959.360423745238 -134.88654076354578
 1652.5791579624638 0 1.4520061614914066e+18 0 41337.174734508153 0.10211806511506438 -10565.687025518855 -1.8189894035458565e-05 1.5757541405037045 0 -48117.669884959469 119.29869287996553
 -3467.1968751354143 0 -9.5096669054107288e+19 0 -119667.12845605798 -0.081272446550428867 24384.095086134039 0 -113.52152796462178 0 153225.60509957839 -104.45706720929593


# name: s
# type: matrix
# rows: 12
# columns: 1
 -7.9310197332674637e-10
 7.2691715294123879e-23
 -6.637196953785764e-20
 -3.0480635949177102e-18
 -1.8598879622137082e-08
 -7.2673860843493569e-14
 4.9560023386715876e-09
 3.9965859672248107e-17
 6.5753737933809969e-14
 1.1233859569961976e-17
 2.1260797028647365e-08
 -7.8683850376425591e-11


# name: w
# type: matrix
# rows: 1
# columns: 6
 1.3413798881604411 0.069459467363449101 -7.1075017862330875e-18 1.1496985325756246 0.3369752039861092 -92.99287497191807


# name: t
# type: matrix
# rows: 1
# columns: 6
 -2.0980519000831865 -0.28959405049995057 -65.493295811107402 0.11382596732907077 -2.8949034182391054 -0.79599360688545606


# name: erro
# type: scalar
2.1260797028647365e-08


# name: tol
# type: scalar
9.9999999999999995e-08


# name: E
# type: scalar
9.9999999999999995e-08


# name: N
# type: scalar
6


