# Created by Octave 5.2.0, Sat Mar 13 00:51:17 2021 -03 <caio@xubuntu>
# name: F
# type: matrix
# rows: 14
# columns: 1
 2618.2314209755887
 200629.8505315565
 -2798683.3153463216
 -6812866218.8362036
 -2453567515428.4302
 -716676596413505.38
 -1.9600782725410938e+17
 -5.2292952793317753e+19
 -1.3816255030661283e+22
 -3.6310139034427517e+24
 -9.5673664372698072e+26
 -2.5809818181430498e+29
 -1.5977506564600319e+31
 -2.1311743296850077e+35


# name: J
# type: matrix
# rows: 14
# columns: 14
 0.99999851954635233 0.99999851954635233 0.99999851954635233 0.99999851954635233 1.0000030670198612 0.99999851954635233 0.99999851954635233 0 0 0 0 0 0 0
 109.63296517729759 7.5559364631772041 11.913944035768509 1.0145595297217369 -2277.6034893468022 -2544.7923690080643 262.31777155771852 3312.3494358733296 -0.70431269705295563 -0.0023283064365386963 -70.158857852220535 0 0 -619.25267800688744
 12019.425630569458 57.071447372436523 141.93356037139893 0.96857547760009766 5187477.7674674988 6475969.2549705505 68810.507655143738 726286.3963842392 -10.654330253601074 -0.074505805969238281 -142.45510101318359 0 0 -324881.67285919189
 1317720.4132080078 429.1534423828125 1688.0035400390625 0 -11815017623.901367 -16479998474.121094 18050212.860107422 119437561.03515625 -123.9776611328125 0 -219.3450927734375 0 0 -127833290.10009766
 144467773.4375 4882.8125 19531.25 0 26909925668945.312 41938177773437.5 4734882812.5 17459086914.0625 0 0 0 0 0 -44710561523.4375
 15837500000 0 0 0 -61290141305000000 -1.0672396343625e+17 1242042500000 2392616250000 0 0 0 -2500000 0 -14660457500000
 1736320000000 0 0 0 1.3959464131616001e+20 2.7159034980288001e+20 325809920000000 314772160000000 0 0 0 4800000000 -2880000000 -4614834880000000
 190382080000000 0 0 0 -3.1794124584189955e+23 -6.9114110582013955e+23 85465661440000000 40261058560000000 0 0 0 -12943360000000 8028160000000 -1.41231112192e+18
 20887633920000000 0 0 0 7.2414409933153374e+26 1.7588107548764512e+27 2.241916305408e+19 5.04451039232e+18 0 0 0 33848033280000000 -23152558080000000 -4.2339888267264e+20
 2.28707008512e+18 0 0 0 -1.6493131465469752e+30 -4.4758085511324043e+30 5.8809376571392e+21 6.2217433120768e+20 0 0 0 -8.671538970624e+19 6.631966375936e+19 -1.2494810409598976e+23
 2.5151328485376e+20 0 0 0 3.7564814211478405e+33 1.1390004371332921e+34 1.5426725381301862e+24 7.57907108921344e+22 0 0 0 2.1945290017734656e+23 -1.8751895933812736e+23 -3.6417871577958318e+25
 2.744381022928896e+22 0 0 0 -8.555775291655312e+36 -2.8985198561757086e+37 4.0467024082993414e+26 9.1398443375158886e+24 0 0 0 -5.498099978210168e+26 5.2491705456816816e+26 -1.0508353156284961e+28
 2.8823037615171174e+24 0 0 0 1.9486663884239825e+40 7.3761318106163946e+40 1.0615218508892882e+29 1.0931137015553668e+27 0 0 0 1.366089124761279e+30 -1.4572419812192578e+30 -3.0071189535338621e+30
 0 0 0 0 -4.4382894172980235e+43 -1.8770725469299283e+44 2.7845729114146042e+31 1.2986507827891524e+29 0 0 0 -3.370693116784785e+33 4.0174101385673387e+33 -8.5455538045639478e+32


# name: s
# type: matrix
# rows: 14
# columns: 1
 7.2880657203030531e-23
 1.0771442539088957e-22
 2.6892445819564303e-63
 0
 4.8741036333464064e-08
 -1.266006310904018e-08
 2.96269089642991e-18
 2.8939150271680284e-20
 -3.0762696726288948e-60
 -1.0169096445516403e-62
 -3.0642211860275118e-58
 8.2312795484101671e-19
 3.3415818501479096e-18
 -8.458579601105857e-17


# name: w
# type: matrix
# rows: 1
# columns: 7
 3312.349677104788 -0.70473419175793117 -0.0021911141966577297 -70.158803278436778 -1.3305742577820271e-08 4.1896220090949551e-09 -619.25252753569214


# name: t
# type: matrix
# rows: 1
# columns: 7
 109.63311948614746 7.555664450480819 11.914196389106392 1.0148145267908242 -2277.6035157498491 -2544.7925757349894 262.31758641544133


# name: erro
# type: scalar
4.8741036333464064e-08


# name: tol
# type: scalar
9.9999999999999995e-08


# name: E
# type: scalar
9.9999999999999995e-08


# name: N
# type: scalar
7


